1,1,5,0,1382,4,15,2,181,1,2,0,2,2,3,0,0,1,1,0,3,1,0,0,0,0,3,0,0,1,5,1,3,0,0,2,0,1,0,0
2,0,44,1,102,8,2,2,4,1,1,0,4,2,14,0,0,1,3,0,1,1,0,0,0,0,1,0,0,2,0,1,2,0,0,2,0,1,0,0
2,0,1,14,767,89,4,2,245,1,3,3,45,0,8,4,1,1,1,0,1,1,1,0,4,0,2,0,4,6,0,0,0,5,1,2,1,0,0,0
0,893,0,0,4392,0,0,0,0,0,0,0,0,2,15,0,0,1,3,0,1,1,0,5,0,6,2,0,0,7,0,0,0,0,0,2,7,0,0,0
3,-1,0,0,2,0,3,0,0,1,1,0,0,4,0,0,4,1,4,0,1,1,0,0,0,0,3,0,0,7,0,0,0,0,0,1,5,0,0,0
0,-1,0,0,12824,0,0,0,6,0,0,0,0,1,0,0,0,3,5,0,1,1,1,0,0,0,2,0,0,5,0,0,0,0,0,4,0,0,0,0
0,1,2,0,3168,0,0,1,2,0,0,0,0,0,0,0,0,3,3,0,1,1,1,0,0,0,2,0,0,5,0,0,0,0,0,0,0,0,0,0
1,4,2,0,0,0,1,0,0,1,1,0,0,2,15,0,0,0,4,0,3,1,0,0,0,2,2,0,0,1,0,0,0,0,0,1,7,0,0,1
0,44,4,8,19010,249,28,31,141,0,1,0,8,1,4,1,1,1,1,0,1,1,0,0,1,0,1,0,1,1,0,0,0,1,0,1,1,0,0,0
0,35,0,1,33737,21,1,2,3,0,1,0,1,1,0,0,0,1,0,0,1,1,0,5,0,6,2,0,0,3,0,0,0,0,0,1,0,0,0,0
0,2,632,0,56770,0,0,5,65,0,0,0,2,1,0,0,0,1,1,0,1,2,1,0,0,0,1,0,0,5,0,1,2,0,0,2,0,3,0,0
0,6,6,6,421,109,1,7,107,0,1,0,6,1,0,0,0,2,0,0,1,1,1,0,0,0,2,0,0,3,0,0,0,0,0,1,0,0,0,0
0,-1,0,0,1465,0,17,0,4,0,4,0,0,0,1,0,0,1,3,0,3,1,0,0,0,0,2,0,0,1,0,0,0,0,0,1,5,0,0,1
0,2,11,5,10262,34,2,4,5,0,1,0,5,5,6,0,0,1,0,0,0,1,0,3,0,4,3,0,0,2,3,0,1,0,0,1,0,6,0,1
0,51,84,4,3633,26,1,4,8,0,1,0,4,3,3,0,0,5,4,0,1,1,0,0,0,0,3,0,0,4,0,1,3,0,0,8,0,1,0,0
0,2,1,18,20255,0,0,1,1306,0,0,0,20,1,0,0,0,2,1,0,8,1,1,0,0,0,0,0,0,5,0,0,0,0,0,2,0,0,0,0
1,987,0,2,105,2,1,2,2,1,1,0,2,2,10,0,0,3,1,0,1,1,1,0,0,0,2,0,0,3,0,1,3,0,0,1,0,2,0,1
0,1,0,0,16597,557,3,5,123,0,1,0,1,4,0,3,2,2,2,0,1,1,0,0,3,0,1,0,3,1,0,0,0,3,1,1,2,0,0,0
0,24,4,2,2056,12,6,10,83,0,1,0,2,1,14,0,0,4,2,0,4,1,0,0,0,0,3,0,0,1,0,1,3,0,0,1,0,3,0,0
7,102,0,3,780,15,7,15,15,1,1,0,3,0,0,0,0,2,4,0,1,1,0,0,0,0,0,0,0,1,0,0,0,0,0,0,0,0,0,0
0,47,0,0,6399,38,19,10,143,0,10,0,6,0,1,0,0,1,1,0,2,1,1,0,0,0,3,0,0,1,0,0,0,0,0,1,0,0,0,1
0,1,80,0,1848,287,1,4,46,0,1,0,4,1,2,0,0,1,1,0,1,1,1,0,0,0,2,2,0,3,1,0,1,0,0,1,0,1,0,0
0,0,14,6,7132,171,2,2,6,0,1,0,6,1,1,0,0,1,2,0,2,1,0,0,0,0,1,0,0,2,0,0,0,0,0,2,3,0,0,0
0,9,9,17,11774,0,0,23,128,0,0,0,17,1,9,0,0,1,1,0,1,1,0,0,0,0,2,0,0,7,0,0,0,0,0,7,0,0,0,0
0,1,2,0,6190,84,1,27,71,0,1,0,0,3,0,1,1,1,1,0,1,1,0,0,1,0,2,0,1,3,0,0,0,1,2,2,1,0,0,0
0,4,16,0,5925,2,2,0,0,0,1,0,0,3,2,0,0,1,0,0,1,1,0,0,0,0,5,0,0,2,1,0,1,0,0,1,4,1,1,0
0,1,20,16,1548,93,42,32,912,0,15,1,16,4,13,0,0,1,1,1,3,1,0,1,0,1,2,0,0,8,11,1,1,0,0,1,0,9,0,1
0,20,2,2,7188,170,2,3,24,0,2,0,2,2,1,0,0,2,1,0,1,1,0,0,0,0,2,0,0,4,0,0,0,0,0,2,0,0,0,1
0,78,2,15,4311,85,4,18,230,0,3,0,15,2,0,0,0,2,5,0,1,1,0,0,0,0,1,0,0,1,0,0,0,0,0,1,0,0,0,1
3,0,4,13,224,28,3,35,27,1,1,0,13,1,0,0,0,1,4,0,1,1,0,5,0,6,5,0,0,1,0,0,0,0,0,2,0,0,0,1
0,277,0,3,7318,24,6,3,98,0,1,0,3,4,0,0,0,2,3,0,1,1,1,0,0,0,2,0,0,1,0,0,0,0,0,2,0,0,0,1
0,-1,0,0,4956,0,0,37,97,0,0,0,0,5,5,1,1,1,3,0,1,1,1,0,1,0,4,1,1,5,2,0,0,1,0,6,1,0,0,0
1,0,1,0,1427,3,16,11,50,0,2,1,0,1,17,0,0,2,1,1,1,1,0,1,0,1,2,0,0,4,0,0,0,0,0,1,0,0,0,0
4,0,55,8,859,13,4,12,13,1,1,0,8,1,16,0,0,1,0,0,1,1,1,0,0,0,6,0,0,5,13,1,1,0,0,1,0,1,0,0
1,259,1,1,5,1,6,1,1,1,3,0,1,1,0,0,0,1,0,0,1,1,0,0,0,0,1,0,0,1,0,0,0,0,0,1,0,0,0,1
0,127,1,3,1683,19,26,17,475,0,9,0,3,1,21,0,0,2,2,0,1,1,0,0,0,0,2,0,0,6,0,0,1,0,1,7,4,4,1,1
0,1,0,0,23255,0,0,1,73,0,0,0,0,0,4,2,2,1,1,0,3,1,1,0,2,0,1,4,2,5,4,0,0,2,0,1,2,0,0,0
6,-1,0,0,915,40,26,33,72,1,3,0,0,0,7,0,0,1,2,0,1,1,0,0,0,0,1,0,0,1,0,1,1,0,2,5,0,2,0,0
0,0,3,12,7308,97,2,21,90,0,1,0,12,2,0,0,0,2,1,0,1,1,0,0,0,0,3,0,0,1,0,0,0,0,0,1,0,0,0,0
8,0,15,20,115,24,8,23,24,2,2,0,20,3,0,0,0,1,0,0,1,1,0,0,0,0,3,0,0,6,0,1,3,0,0,1,0,4,0,0
0,38,2,4,3119,149,64,48,139,0,6,6,4,1,17,1,1,2,2,1,3,1,0,1,1,1,2,0,1,6,0,0,0,1,0,1,1,0,0,0
88,319,0,4,5,4,89,40,88,3,4,12,4,1,9,0,0,1,2,0,1,1,0,0,0,0,1,0,0,6,0,0,0,0,0,1,0,0,0,1
0,1,18,5,1683,80,38,5,95,0,5,0,5,1,2,5,3,1,0,0,1,1,0,0,5,0,3,0,5,4,12,3,1,4,0,1,3,1,3,0
0,27,0,0,112878,2106,0,2,95,0,0,0,0,3,1,0,0,1,1,0,2,2,1,0,0,0,2,0,0,3,0,0,0,0,0,2,0,0,0,0
0,-1,0,0,4894,20,1,7,20,0,1,0,0,1,5,1,1,3,1,0,1,1,0,0,1,0,4,1,1,2,2,0,0,1,2,2,1,0,0,0
0,32,0,1,9375,0,0,37,18,0,0,0,1,1,4,6,2,1,1,0,2,1,1,0,6,0,1,4,6,4,4,0,0,6,0,1,2,0,0,0
0,6,6,15,20213,507,7,42,360,0,2,0,40,1,0,1,1,2,1,0,6,1,1,0,1,0,3,0,1,1,0,0,0,1,0,1,1,0,0,0
31,17,2,11,290,23,31,23,65,2,2,0,11,1,7,0,0,1,2,0,1,1,0,0,0,0,2,0,0,1,0,0,1,0,0,3,0,2,0,0
1,2382,13,4,40,4,69,3,609,1,11,0,4,1,1,0,0,1,3,0,3,1,0,0,0,0,1,0,0,1,0,0,0,0,0,7,0,0,0,0
0,190,0,0,1624,6,29,6,74,0,9,0,0,2,0,0,0,1,0,0,1,1,0,0,0,0,1,0,0,1,0,0,0,0,0,1,0,0,0,0
0,19,8,9,1506,31,3,7,34,0,1,0,9,1,21,0,0,6,1,0,6,1,1,0,0,0,1,0,0,6,0,0,1,0,0,5,0,4,0,0
1,30,0,3,116,31,1,3,3,1,1,0,3,3,1,0,0,1,2,0,1,1,1,0,0,0,2,0,0,3,0,0,0,0,1,2,0,0,0,1
0,6,2,3,2779,0,0,3,13,0,0,0,3,0,0,0,0,4,0,0,1,1,1,0,0,0,3,0,0,6,0,1,2,0,0,6,1,0,0,0
0,2,22,3,4687,242,6,6,183,0,1,4,3,1,6,0,0,1,4,0,4,1,3,0,0,0,1,0,0,6,3,0,3,0,0,2,0,1,0,0
0,55,16,7,1696,72,2,7,95,0,2,0,7,6,0,0,0,1,1,0,2,1,0,0,0,0,3,0,0,1,0,0,1,0,0,3,0,10,0,0
6,0,28,0,31,0,6,0,0,1,1,0,0,4,6,0,0,1,1,0,0,1,0,0,0,0,2,0,0,1,3,0,2,0,0,7,3,1,0,0
0,19,9,3,14414,1353,3,1,362,0,1,0,3,5,2,0,0,1,1,0,0,1,3,0,0,0,2,2,0,6,1,1,1,0,0,2,4,0,1,0
0,18,12,8,8965,44,2,12,57,0,2,0,8,1,0,0,0,0,0,0,1,1,0,0,0,0,1,0,0,2,0,0,3,0,0,1,0,0,0,0
0,1,2,0,177674,0,0,3,2,0,0,0,1,7,11,0,0,1,1,0,0,2,0,0,0,3,2,0,0,1,0,1,3,0,0,2,0,2,0,0
0,0,20,0,4412,855,0,4,522,0,0,0,5,1,12,0,0,1,1,0,1,1,0,0,0,0,2,0,0,3,10,0,3,0,0,7,0,6,0,0
0,56,2,0,0,0,0,0,1,0,0,0,0,3,20,4,1,1,2,0,2,2,1,0,4,0,1,0,4,9,0,0,0,5,0,4,1,0,0,0
0,76,5,0,46200,0,0,7,0,0,0,0,0,2,6,0,0,1,1,0,1,2,0,0,0,0,2,0,0,4,3,1,2,0,0,7,0,3,0,0
39,8,42,32,27,33,39,24,32,1,1,0,32,1,0,0,0,2,1,0,0,1,1,0,0,0,3,0,0,1,0,1,2,0,0,1,0,3,0,0
0,0,55,5,14477,0,0,5,1,0,0,0,5,1,2,0,0,1,1,0,1,2,0,4,0,5,5,0,0,1,1,2,2,0,0,2,4,1,0,1
1,1,5,8,7,8,1,8,8,1,1,0,8,1,0,0,0,1,4,0,0,1,2,0,0,0,2,0,0,3,0,0,0,0,0,2,0,0,0,0
0,1,7,3,10087,67,6,3,57,0,3,0,3,1,0,0,0,1,4,0,0,1,0,0,0,0,2,0,0,1,0,0,2,0,0,2,3,1,0,1
7,1,40,0,1418,23,147,0,7,0,4,0,0,2,3,0,3,1,1,0,0,1,1,0,0,0,1,0,0,1,6,1,2,0,0,1,3,1,0,0
0,0,10,2,3545,0,0,2,3,0,0,0,2,5,16,0,0,1,4,0,2,1,1,0,0,0,2,0,0,5,13,1,3,0,0,1,0,1,0,0
5,51,0,5,457,5,5,7,11,1,1,1,5,8,0,0,5,1,1,0,1,1,0,0,0,0,2,0,0,4,0,0,1,0,1,7,6,3,2,0
0,0,15,2,20112,305,1,43,228,0,1,0,30,1,8,4,1,1,1,0,1,1,0,0,4,0,2,0,4,3,0,0,0,5,0,0,1,0,0,0
0,1,4,3,1689,184,12,46,53,0,1,0,3,4,11,0,0,4,3,0,2,1,0,0,0,0,1,0,0,1,0,1,1,0,0,1,0,2,0,0
4,0,89,4,486,5,4,7,4,1,1,0,4,1,21,0,0,3,1,0,7,1,0,0,0,0,3,0,0,3,0,0,1,0,0,5,0,1,0,0
0,39,2,1,3343,1,17,2,1,0,1,0,1,1,0,0,0,6,3,0,2,1,0,0,0,0,1,0,0,1,0,0,0,0,1,2,0,0,0,1
0,2,1,2,8036,164,18,13,367,0,2,0,2,2,6,0,0,4,4,0,0,1,0,0,0,0,1,0,0,4,3,0,2,0,0,1,0,3,0,0
0,-1,0,0,71140,142,0,7,63,0,0,0,0,4,5,1,1,1,2,0,1,2,0,0,1,0,4,1,1,2,2,0,0,1,0,2,1,0,0,0
0,0,11,3,16184,125,2,3,103,0,2,0,3,1,14,0,0,1,0,0,1,1,0,0,0,0,1,0,0,2,0,1,2,0,0,1,0,3,0,1
0,140,2,2,0,0,0,2,2,0,0,0,2,6,1,0,0,1,1,0,8,2,1,0,0,0,2,0,0,9,0,0,0,0,1,1,0,0,0,0
2,0,0,7,443,37,7,34,282,1,4,7,7,0,1,0,0,3,2,0,1,1,0,0,0,0,1,0,0,6,0,0,0,0,0,1,0,0,0,0
2,1,60,75,61,121,52,39,248,1,8,1,77,1,13,0,0,2,1,1,1,1,0,1,0,1,3,0,0,6,11,0,1,0,0,5,4,9,1,1
1,34,2,42,328,44,15,49,58,1,9,0,42,1,15,0,0,1,0,0,2,1,0,0,0,0,1,0,0,1,0,0,0,0,0,1,7,0,0,0
0,0,0,0,14919,0,0,0,0,0,0,0,0,1,5,1,1,4,3,0,8,1,1,0,1,0,4,1,1,7,2,0,0,1,0,2,1,0,0,0
0,1,0,1,20216,66,1,1,1,0,1,0,1,2,0,0,4,2,2,0,1,1,0,0,0,0,4,0,0,3,0,0,0,0,0,6,5,0,0,0
13,13,80,32,378,115,15,37,57,1,2,0,48,3,7,0,0,1,1,0,1,1,0,0,0,0,4,0,0,1,0,0,2,0,1,1,0,2,0,0
0,0,91,4,293,220,35,4,66,0,5,1,4,1,12,0,0,2,1,0,4,1,0,0,0,0,3,0,0,8,10,1,1,0,0,3,0,6,0,0
0,-1,0,0,5654,0,0,4,15,0,0,0,0,1,2,0,0,3,2,0,3,1,0,0,0,0,2,2,0,4,1,0,1,0,0,1,0,9,0,0
0,53,0,10,6550,98,34,11,349,0,9,0,10,1,11,0,0,1,5,0,1,1,1,0,0,0,2,0,0,1,0,1,3,0,0,1,0,2,0,0
6,-1,10,6,0,0,6,9,9,1,1,0,0,1,2,0,0,1,1,0,2,1,0,4,0,5,2,2,0,1,1,0,1,0,0,2,4,1,1,1
0,0,1,3,2901,0,0,3,9,0,0,0,3,1,0,0,0,1,0,0,3,1,0,0,0,0,2,0,0,7,0,0,0,0,0,1,0,0,0,1
1,23,1,14,56,15,10,35,161,1,2,0,15,5,1,0,0,1,0,0,1,1,0,0,0,0,2,0,0,1,0,0,0,0,0,1,0,0,0,0
0,1,75,22,5912,181,2,22,68,0,1,0,22,6,2,5,3,2,0,0,2,1,0,0,5,0,4,0,5,2,12,3,2,4,0,1,3,1,3,0
0,127,2,23,15837,23,4,24,23,0,1,0,23,2,0,0,0,1,3,0,1,1,0,0,0,0,2,0,0,1,0,0,2,0,0,7,0,2,0,1
0,-1,0,0,23204,0,0,32,38,0,0,0,0,2,5,1,1,1,3,0,1,1,0,0,1,0,3,0,1,6,0,0,0,1,0,3,1,0,0,0
0,-1,0,0,681386,0,0,11,0,0,0,0,0,1,5,1,1,3,1,0,1,2,0,0,1,0,4,1,1,1,2,0,0,1,2,2,1,0,0,0
0,1,64,11,1494,86,15,13,231,0,4,0,11,1,0,0,0,1,1,0,1,1,0,0,0,0,2,0,0,1,0,1,2,0,0,1,0,0,0,0
0,1,1,0,2903,2,3,0,2,0,1,0,0,1,3,5,3,3,2,0,1,1,1,0,5,0,3,0,5,2,6,1,2,4,0,2,3,1,4,0
0,105,1,1,171519,0,0,1,13,0,0,0,1,1,1,0,0,2,1,0,2,2,0,0,0,0,3,0,0,2,0,0,0,0,0,3,0,0,0,0
0,35,90,2,41230,352,0,5,44,0,0,0,5,1,0,0,0,1,1,0,3,1,0,0,0,0,1,0,0,1,0,0,3,0,0,7,4,3,1,0
0,0,78,1,15835,220,1,1,1,0,1,0,1,1,2,0,0,1,3,0,1,1,0,0,0,0,2,2,0,3,1,0,3,0,0,2,3,1,0,0
0,1715,0,1,7545,19,15,1,87,0,7,0,1,3,0,0,0,1,1,0,3,1,2,0,0,0,0,0,0,4,0,0,0,0,0,2,0,0,0,0
0,48,3,2,14482,377,8,2,283,0,2,0,2,1,2,0,0,3,0,0,1,1,0,0,0,0,1,3,0,1,1,1,3,0,0,1,0,1,0,0
0,-1,0,0,5760,42,218,0,287,0,15,0,0,3,0,0,0,1,1,0,1,1,0,0,0,0,3,0,0,6,0,0,0,0,1,3,0,0,0,1
0,1759,5,0,28244,20,2,6,10,0,0,0,7,9,3,0,3,1,0,0,1,1,1,0,0,0,4,0,0,2,6,1,2,0,0,1,3,1,4,0
0,61,0,12,4243,189,5,7,141,0,2,0,19,2,0,0,0,1,3,0,1,1,0,0,0,0,2,0,0,1,0,1,2,0,0,7,0,3,0,1
0,30,2,25,2204,182,62,33,1127,0,6,0,25,1,0,0,0,2,1,0,1,1,0,0,0,0,2,0,0,4,0,1,2,0,0,3,6,5,0,1
0,0,6,1,5876,82,2,1,54,0,1,0,1,3,0,0,0,1,1,0,1,1,1,0,0,0,5,0,0,8,0,0,1,0,1,2,0,5,0,0
0,22,3,14,2966,290,62,19,254,0,2,0,55,1,0,0,0,1,1,0,1,1,0,0,0,0,2,0,0,1,0,0,0,0,0,3,0,0,0,0
0,22,12,14,15308,497,1,44,258,0,1,0,16,2,15,0,0,0,2,0,6,1,1,0,0,0,1,0,0,3,0,0,0,0,0,1,7,0,0,0
2,-1,0,0,18,0,2,0,0,1,1,0,0,1,0,0,0,1,0,0,8,1,1,0,0,0,1,0,0,2,0,0,3,0,0,1,0,1,0,1
0,5,30,4,0,0,0,5,4,0,0,0,5,2,11,0,0,1,1,0,2,2,1,0,0,0,1,0,0,9,0,1,2,0,0,4,0,2,0,0
6,1,0,3,46,10,17,38,132,1,4,0,3,3,0,0,0,3,3,0,1,1,0,0,0,0,2,0,0,1,0,0,0,0,0,1,0,0,0,0
2,0,3,13,5,40,8,14,41,1,2,0,13,1,0,0,4,2,1,0,1,1,0,0,0,0,1,0,0,2,0,0,0,0,1,1,5,0,0,0
0,14,0,0,31324,0,0,17,0,0,0,0,16,1,0,1,1,1,1,0,1,1,0,0,1,0,2,0,1,1,0,0,0,1,0,3,1,0,0,0
0,2,5,0,2982,88,9,0,50,0,1,0,0,3,10,0,0,1,0,0,1,1,0,0,0,0,2,0,0,1,0,1,3,0,0,1,0,2,0,0
2,207,0,3,66,4,5,43,49,1,3,0,4,1,0,0,0,2,3,0,1,1,1,0,0,0,1,0,0,2,0,0,0,0,0,1,0,0,0,0
0,7,16,28,19049,2130,5,33,706,0,3,0,33,3,9,0,0,1,1,0,7,1,0,0,0,0,2,0,0,1,0,0,0,0,0,3,0,0,0,1
0,17,0,0,10363,2794,2,0,41,0,1,0,0,8,1,0,0,4,1,0,1,1,1,0,0,0,1,0,0,2,0,0,0,0,0,1,0,0,0,1
0,6,73,1,10301,193,1,25,59,0,1,0,15,1,0,0,5,1,1,0,1,1,0,0,0,0,2,0,0,3,0,0,3,0,0,3,6,7,2,0
0,-1,0,0,446,30,2,27,28,0,1,0,0,1,10,0,0,1,5,0,1,1,0,0,0,0,2,0,0,2,0,1,3,0,0,1,0,2,0,1
0,1,5,0,32339,0,0,4,0,0,0,0,0,1,1,0,0,4,1,0,1,1,0,0,0,0,2,0,0,2,0,0,0,0,0,2,0,0,0,0
1,3,2,0,521,7,4,7,7,1,2,0,0,3,12,0,0,2,1,0,1,1,0,0,0,0,7,0,0,1,10,0,1,0,0,7,0,6,0,0
0,16,44,21,1844,77,5,21,70,0,1,0,21,3,7,0,0,2,1,0,2,1,0,0,0,0,2,0,0,1,9,0,3,0,0,2,0,2,0,0
1,0,31,9,226,22,32,13,177,1,7,0,11,3,13,0,0,1,5,1,0,1,0,1,0,1,3,0,0,4,11,0,1,0,0,1,0,1,0,1
0,37,23,9,1635,84,2,17,109,0,2,0,50,1,0,0,0,3,2,0,2,1,0,0,0,0,4,0,0,2,0,0,1,0,0,1,0,2,0,0
0,156,14,0,0,408,11,10,1288,0,6,0,0,0,0,0,0,1,2,0,1,1,0,0,0,0,1,0,0,1,0,1,2,0,0,1,0,10,0,0
0,-1,0,0,2282,41,30,15,157,0,3,4,0,1,7,0,0,1,3,0,2,1,1,0,0,0,1,0,0,6,9,0,1,0,1,5,0,2,0,0
0,68,0,0,0,0,0,0,0,0,0,0,0,9,10,0,0,3,1,0,2,2,1,0,0,3,2,0,0,9,0,1,2,0,0,6,0,2,0,0
0,11,35,10,1998,246,32,27,418,0,2,0,11,1,0,0,0,1,2,0,1,1,0,0,0,0,2,0,0,8,0,1,3,0,0,7,0,2,0,0
0,0,0,0,3129,28,8,0,67,0,5,0,0,2,0,0,0,3,1,0,1,1,0,0,0,0,2,0,0,1,0,0,3,0,1,1,0,5,0,0
0,2903,1,0,1912,83,5,34,190,0,4,0,1,7,5,1,1,1,1,0,1,1,0,0,1,0,5,0,1,1,0,0,0,1,0,1,1,0,0,0
5,-1,0,0,1388,0,11,1,7,0,3,0,0,5,7,0,0,1,5,0,1,1,0,0,0,0,1,0,0,1,9,0,1,0,0,1,0,2,0,1
3,2,1,0,95,0,74,20,118,2,17,0,0,0,1,0,0,3,1,0,1,1,0,0,0,0,2,0,0,1,0,0,0,0,2,1,0,0,0,0
2,0,9,5,44,5,2,4,5,2,2,0,5,3,0,0,0,4,1,0,2,1,0,0,0,0,2,0,0,2,0,1,3,0,0,1,0,7,0,0
0,2537,1,0,6033,10,21,0,10,0,2,1,0,1,13,0,0,1,1,2,1,1,0,1,0,1,1,0,0,7,11,2,1,0,0,1,0,2,0,0
0,-1,4,0,11492,0,0,0,0,0,0,0,0,2,0,0,0,1,0,0,1,1,1,0,0,0,1,0,0,7,0,1,1,0,0,1,0,1,0,0
0,1,5,5,349,0,0,5,5,0,0,0,5,1,0,0,0,2,2,0,1,1,1,0,0,0,3,0,0,5,0,0,0,0,0,4,0,0,0,0
0,0,17,3,19811,0,0,3,54,0,0,0,3,1,14,0,0,1,2,0,1,1,0,0,0,0,1,0,0,7,0,1,2,0,0,1,0,3,0,0
0,1261,10,4,0,0,0,5,10,0,0,0,5,1,1,0,0,0,1,0,1,2,1,0,0,0,1,0,0,9,0,0,0,0,0,4,0,0,0,0
0,-1,5,0,34807,82,0,0,60,0,0,0,0,9,6,0,0,2,5,0,2,1,0,0,0,0,2,0,0,1,3,0,1,0,0,1,0,8,0,0
0,0,113,13,1853,64,1,45,52,0,1,0,13,2,3,0,3,1,1,0,1,1,3,0,0,0,3,0,0,3,6,1,2,0,1,2,3,1,4,0
0,7,1,0,9128,0,0,0,7,0,0,0,0,8,1,0,0,1,2,0,1,1,1,0,0,0,2,0,0,5,0,0,0,0,0,4,3,0,0,0
7,31,24,6,7,7,7,4,6,1,1,0,6,1,2,5,3,1,1,0,3,1,0,0,5,0,4,0,5,2,12,3,2,4,0,1,3,1,3,1
5,59,1,1,31,1,5,1,10,1,1,0,1,2,0,0,0,5,3,0,1,1,0,0,0,0,2,0,0,1,0,0,3,0,0,7,0,0,0,1
0,54,0,2,96563,0,0,11,2,0,0,0,2,2,20,4,1,1,2,0,4,2,0,0,4,0,1,0,4,3,0,0,0,5,2,1,1,0,0,0
20,2568,0,1,7,13,31,30,35,2,5,0,0,1,0,0,0,1,1,0,6,1,0,0,0,0,3,0,0,1,0,0,0,0,0,3,0,0,0,0
1,0,1,2,169,2,9,11,312,1,4,0,2,1,0,0,0,1,2,0,1,1,4,0,0,0,6,0,0,6,0,0,0,0,0,1,0,0,0,0
0,5,2,3,10892,15,4,4,32,0,2,0,3,2,2,0,0,0,4,0,2,1,0,0,0,0,3,0,0,4,1,1,3,0,0,2,0,1,0,0
8,27,7,5,18,6,8,7,8,1,1,0,4,1,2,0,0,1,1,0,1,1,1,0,0,0,3,0,0,1,1,0,1,0,2,1,4,1,1,0
0,1,14,2,120,733,0,12,606,0,0,98,2,3,0,0,0,0,3,0,4,1,1,0,0,0,3,0,0,6,0,1,3,0,0,6,0,5,0,0
0,-1,0,0,4253,2,6,1,2,0,2,0,0,0,1,0,0,1,0,0,1,1,0,3,0,4,2,0,0,1,0,0,0,0,0,1,0,0,0,1
1,6,2,6,27,5,1,8,182,1,1,0,5,2,0,0,0,0,1,0,3,1,0,0,0,0,2,0,0,1,0,0,0,0,0,1,0,0,0,1
1,1,1,2,1363,8,7,13,62,0,3,0,3,0,11,0,0,2,2,0,2,1,0,0,0,0,2,0,0,1,0,1,1,0,0,1,0,2,0,0
0,179,4,4,17232,0,0,18,7,0,0,0,4,1,0,0,0,1,3,0,2,1,0,0,0,0,1,0,0,1,0,0,0,0,0,7,5,0,0,0
3,-1,0,0,79,0,3,0,0,1,1,0,0,1,2,0,0,1,0,0,3,1,0,0,0,0,6,0,0,2,1,0,2,0,0,1,3,1,0,0
0,-1,0,0,7475,29,3,0,30,0,2,0,0,1,0,0,0,1,3,0,0,1,1,0,0,0,1,0,0,2,0,0,0,0,0,2,3,0,0,0
0,-1,21,1,87,0,0,22,714,0,0,0,1,2,6,0,0,1,1,0,1,1,1,0,0,0,2,0,0,5,3,0,1,0,1,4,0,6,0,0
1,328,0,3,2,0,5,39,98,1,4,0,0,1,5,1,1,1,1,0,1,1,0,0,1,0,4,1,1,1,2,0,0,1,2,6,1,0,0,1
0,1392,12,9,1775,0,0,16,31,0,0,0,16,2,5,1,1,5,2,0,2,1,1,0,1,0,4,1,1,5,2,0,0,1,0,2,1,0,0,0
6,1249,4,0,43,3,22,1,23,1,3,0,0,1,0,0,0,1,1,0,1,1,0,0,0,0,1,0,0,1,0,1,1,0,2,2,3,1,0,1
0,8,8,8,33500,0,0,9,0,0,0,0,9,1,0,0,0,1,1,0,1,1,0,0,0,0,1,0,0,1,0,0,0,0,0,2,0,0,0,0
4,1,1,2,27,2,4,2,2,1,1,0,2,1,0,0,0,1,1,0,0,1,0,0,0,0,2,0,0,2,0,0,0,0,0,2,0,0,0,1
3,26,1,1,1431,1,11,1,1,0,1,0,1,2,0,0,0,1,0,0,1,1,0,5,0,6,1,0,0,1,0,0,0,0,0,1,0,0,0,0
0,1,2,23,7207,31,1,5,27,0,1,0,23,1,2,5,3,4,4,0,1,1,0,0,5,0,3,0,5,1,12,3,1,4,0,2,3,1,3,0
0,1,0,0,0,0,0,0,0,0,0,0,0,2,0,1,1,2,1,0,1,2,1,0,1,3,2,0,1,9,0,0,0,1,0,6,1,0,0,0
3,125,10,10,2,5,14,6,12,1,3,0,2,1,2,0,0,1,4,0,1,1,0,0,0,0,3,0,0,1,1,0,3,0,0,5,0,1,0,1
1,46,182,22,940,0,0,49,21,1,0,0,45,1,11,0,0,4,2,0,1,1,0,2,0,2,2,0,0,1,0,1,2,0,0,1,0,2,0,0
2,-1,0,0,501,0,2,0,0,1,1,0,0,2,5,1,1,1,3,0,1,1,4,0,1,0,4,1,1,2,2,0,0,1,0,2,1,0,0,0
2,0,11,8,4,0,41,44,382,2,12,0,0,1,3,0,3,1,0,0,1,1,0,0,0,0,1,0,0,8,6,1,2,0,0,5,3,1,0,1
2,7,157,18,67,25,11,33,137,1,5,0,25,2,1,0,0,2,1,0,1,1,0,0,0,0,1,0,0,1,0,0,0,0,0,1,0,0,0,0
0,355,0,0,1504,13,2,13,235,0,1,0,0,1,5,1,1,1,1,0,1,1,0,4,1,5,4,1,1,2,2,0,0,1,1,6,1,0,0,0
0,0,1,18,1550,109,9,48,298,0,3,0,34,1,0,0,0,1,1,0,2,1,0,0,0,0,2,0,0,1,0,1,2,0,0,1,0,7,0,0
3,-1,2,1,79,1,3,1,1,1,1,0,1,0,3,0,0,1,0,0,1,1,0,0,0,0,2,0,0,2,5,1,3,0,0,1,3,1,0,0
0,-1,13,5,473,0,0,25,25,0,0,0,12,1,0,0,0,1,2,0,1,1,1,0,0,0,1,0,0,5,0,1,2,0,2,4,0,1,0,0
0,0,3,2,15864,283,1,2,155,0,1,0,2,2,9,0,0,1,4,0,2,1,0,0,0,0,4,0,0,8,0,0,0,0,0,1,0,0,0,0
0,2,2,16,318738,0,0,0,0,0,0,0,22,4,0,0,0,1,2,0,1,2,0,0,0,3,2,0,0,7,0,0,0,0,0,2,0,0,0,0
0,0,2,1,11613,169,4,1,85,0,2,0,1,6,0,0,4,6,4,0,0,1,0,0,0,0,1,0,0,1,0,0,0,0,0,1,5,0,0,0
0,18,15,9,4494,0,0,9,8,0,0,0,9,1,15,0,0,1,1,0,1,1,0,0,0,3,1,0,0,2,0,0,0,0,0,2,7,0,0,0
0,314,0,0,33397,409,0,14,180,0,0,0,12,0,4,3,2,1,1,0,1,1,1,0,3,0,1,4,3,3,4,0,0,3,0,4,2,0,0,0
0,1,5,4,2931,36,2,6,62,0,1,0,5,1,0,1,1,4,1,0,1,1,0,0,1,0,1,0,1,2,0,0,0,1,0,2,1,0,0,0
0,36,3,3,7588,94,2,3,303,0,1,0,3,2,5,1,1,1,1,0,1,1,0,0,1,0,4,1,1,1,2,0,0,1,0,2,1,0,0,0
0,3295,0,0,4546,149,11,30,220,0,3,0,2,1,5,1,1,1,1,0,1,1,0,0,1,0,4,1,1,1,2,0,0,1,2,6,1,0,0,0
0,0,6,13,1509,116,6,47,222,0,2,1,61,6,0,0,0,1,1,0,1,1,0,0,0,0,5,0,0,8,0,0,0,0,0,2,0,0,0,0
10,478,6,9,7,0,56,6,110,1,5,0,0,4,0,0,5,1,2,0,0,1,0,0,0,0,2,0,0,1,0,0,1,0,0,3,6,3,2,1
6,0,7,1,138,11,6,5,5,2,2,0,5,1,0,0,0,3,1,0,1,1,0,0,0,0,1,0,0,3,0,0,0,0,2,1,0,0,0,0
0,272,4,13,4305,534,1,34,342,0,1,0,81,1,0,1,1,2,1,0,5,1,0,0,1,0,1,0,1,8,0,0,0,1,0,5,1,0,0,0
3,1,1,1,349,1,16,1,1,1,4,0,1,1,3,0,0,1,2,0,3,1,0,0,0,0,1,0,0,2,5,1,2,0,0,2,3,1,0,0
0,68,0,5,1994,36,20,23,270,0,2,0,17,9,0,0,0,2,1,0,3,1,0,0,0,0,1,0,0,6,0,1,2,0,0,1,1,2,0,0
82,-1,0,0,1022,0,137,4,21,1,3,0,0,4,0,0,0,1,1,0,4,1,0,0,0,0,1,0,0,1,0,0,0,0,0,5,0,0,0,1
0,832,0,1,11908,134,5,37,152,0,3,0,1,0,5,1,1,1,2,0,1,1,0,4,1,5,4,1,1,6,2,0,0,1,0,6,1,0,0,0
3,1697,3,1,27,0,4,45,144,2,3,0,0,7,11,0,0,2,5,0,1,1,1,0,0,0,5,0,0,1,0,1,3,0,0,1,0,2,0,1
1,5,26,27,259,96,1,33,33,1,1,0,28,4,9,0,0,1,1,0,1,1,0,0,0,0,2,0,0,3,0,0,0,0,0,6,0,0,0,0
1,1,4,17,108,22,1,24,22,1,1,0,22,1,4,3,2,2,1,0,2,1,0,0,3,0,1,0,3,3,8,0,0,3,0,3,2,0,0,0
3,1,7,8,5,8,17,7,64,1,6,0,8,1,3,0,3,1,1,0,1,1,0,0,0,0,3,0,0,1,6,1,2,0,0,1,3,1,0,0
1,2100,0,2,626,29,1,30,45,1,1,0,2,2,0,0,0,1,1,0,1,1,2,0,0,0,1,0,0,1,0,1,2,0,1,1,0,7,0,0
0,90,0,5,24,0,0,5,5,0,0,0,5,1,0,1,1,6,4,0,1,1,0,0,1,0,0,0,1,7,0,0,0,1,0,6,1,0,0,0
0,1,2,2,0,0,0,2,0,0,0,0,2,1,1,0,0,1,1,0,1,2,1,0,0,3,1,0,0,9,0,0,0,0,0,5,0,0,0,0
1,1,153,6,567,317,1,36,35,1,1,0,23,1,0,3,2,1,1,0,0,1,2,0,3,0,3,0,3,3,0,1,2,3,0,2,2,3,0,0
0,1,4,2,2162,3,1,2,13,0,1,0,2,2,0,0,0,1,5,0,0,1,0,0,0,0,2,0,0,1,0,0,1,0,0,1,0,2,0,1
0,260,8,0,30551,681,4,1,261,0,0,0,1,1,0,0,5,1,2,0,2,1,0,0,0,0,2,0,0,1,0,0,3,0,2,7,6,10,2,0
0,0,5,0,30260,0,0,11,0,0,0,0,4,1,0,1,1,1,1,0,1,1,0,0,1,0,2,0,1,1,0,0,0,1,0,1,1,0,0,0
0,19,32,0,1994,0,0,19,26,0,0,0,3,5,10,0,0,2,1,0,1,1,0,2,0,2,1,0,0,7,0,1,2,0,0,1,0,2,0,0
0,1,23,3,72413,3607,0,4,44,0,0,0,3,2,14,0,0,1,2,0,1,2,0,0,0,0,1,0,0,2,0,1,2,0,0,1,0,3,0,0
0,16,106,7,10182,0,0,33,7,0,0,0,17,1,9,0,0,4,1,0,2,1,1,0,0,0,2,0,0,5,0,0,0,0,0,3,0,0,0,0
0,126,0,2,69481,0,0,4,7,0,0,0,2,1,0,0,0,2,4,0,1,2,1,0,0,0,0,0,0,3,0,0,0,0,0,0,0,0,0,0
0,69,1,2,38285,0,0,2,19,0,0,0,2,0,0,0,0,1,1,0,1,1,1,0,0,0,3,0,0,2,0,0,0,0,0,3,0,0,0,0
0,93,3,3,1385,10,11,10,128,0,4,0,3,1,0,0,0,5,1,0,4,1,2,0,0,0,2,0,0,4,0,0,0,0,0,1,0,0,0,0
0,1,7,0,3587,4,35,2,10,0,8,0,1,1,0,0,0,1,1,0,6,1,0,0,0,0,2,0,0,1,0,1,2,0,0,1,0,10,0,0
0,76,3,0,5029,0,0,16,0,0,0,0,0,1,0,0,0,4,3,0,4,1,0,5,0,6,1,0,0,3,0,0,0,0,0,2,5,0,0,0
0,-1,0,0,43326,0,0,14,26,0,0,0,0,5,5,1,1,1,1,0,2,1,0,0,1,0,4,1,1,1,2,0,0,1,0,2,1,0,0,0
16,2,3,2,1,1,242,25,1127,3,24,0,1,1,19,0,0,1,1,0,0,1,0,0,0,0,3,0,0,1,0,0,1,0,0,5,0,1,0,1
0,0,0,8,1448,68,1,31,61,0,1,0,8,1,0,0,4,1,2,0,1,1,0,0,0,0,3,0,0,4,0,0,0,0,2,1,5,0,0,0
0,1,2,1,27504,4,2,1,3,0,1,0,1,1,1,0,0,1,2,0,1,1,0,0,0,0,1,0,0,2,0,0,0,0,0,1,0,0,0,0
0,-1,0,0,3123,22,48,0,32,0,5,1,0,2,1,0,0,1,3,0,1,1,1,0,0,0,2,0,0,8,0,0,0,0,0,1,5,0,0,1
1,5,33,6,375,74,3,46,258,1,2,0,68,1,0,0,5,1,1,0,1,1,0,0,0,0,2,0,0,1,0,0,3,0,0,3,6,1,2,1
0,3,4,4,1922,23,48,5,159,0,8,0,4,1,0,0,0,6,1,0,0,1,0,0,0,0,5,0,0,4,0,1,2,0,0,7,1,3,0,1
5,48,1,35,571,68,6,13,277,1,2,0,38,1,0,0,5,1,1,0,1,1,0,0,0,0,2,0,0,1,0,2,3,0,0,7,6,3,2,0
1,150,5,16,24,18,1,15,16,1,1,0,16,0,0,0,0,2,1,0,1,1,0,3,0,4,3,0,0,3,0,1,2,0,0,6,0,3,0,0
4,0,2,0,4,0,9,1,244,1,4,0,0,1,7,0,0,1,4,0,1,1,1,0,0,0,1,0,0,1,9,0,1,0,0,5,0,2,0,0
0,0,1,0,4717,26,2,23,26,0,1,0,0,3,0,0,0,1,0,0,1,1,0,0,0,0,2,0,0,2,0,0,0,0,0,1,0,0,0,0
0,1,5,53,2934,210,7,1,379,0,1,1,62,1,1,0,0,2,1,0,1,1,0,0,0,0,2,0,0,6,0,0,0,0,0,7,0,0,0,0
0,14,28,14,26324,39,3,21,32,0,1,0,14,8,5,1,1,1,3,0,2,1,1,0,1,0,3,0,1,8,0,0,0,1,0,2,1,0,0,0
0,4,6,2,9205,64,26,6,242,0,5,0,2,0,0,0,5,2,1,0,1,1,0,0,0,0,2,0,0,8,0,2,3,0,0,3,6,1,2,0
0,-1,0,0,1835,299,1,0,23,0,0,0,0,2,0,0,0,3,1,0,1,1,0,0,0,0,1,0,0,3,0,0,0,0,0,2,0,0,0,0
1,123,5,10,177,14,4,7,397,1,4,0,13,1,0,0,0,1,1,0,1,1,0,0,0,0,1,0,0,4,0,0,0,0,0,1,0,0,0,0
0,18,0,0,1530,55,25,0,37,0,1,0,0,2,7,0,0,1,1,0,1,1,0,0,0,0,5,0,0,1,0,0,1,0,0,3,0,2,0,0
0,1821,6,0,130256,556,0,6,121,0,0,0,1,0,19,0,5,1,2,0,1,2,0,0,0,0,2,0,0,8,0,1,3,0,0,7,6,8,2,0
0,2,10,7,1565,145,101,15,270,0,15,0,7,0,6,0,0,1,0,0,1,1,0,3,0,4,2,0,0,6,3,0,3,0,0,3,0,0,0,0
0,179,24,12,6291,200,1,31,31,0,1,0,15,1,0,0,0,0,2,0,1,1,1,0,0,0,2,0,0,2,0,1,3,0,0,4,0,1,0,0
0,30,0,3,4383,105,1,13,28,0,1,0,3,2,0,0,5,1,2,0,0,1,0,0,0,0,2,0,0,4,0,1,3,0,0,7,6,4,2,0
0,58,12,9,3623,463,1,34,338,0,1,0,14,0,0,0,0,1,2,0,2,1,1,0,0,0,1,0,0,2,0,0,0,0,1,5,0,0,0,0
0,181,4,4,0,0,0,5,15,0,0,0,4,3,1,0,0,1,1,0,2,2,1,0,0,0,3,0,0,9,0,0,0,0,0,4,0,0,0,0
14,7,0,24,38,25,119,47,1193,2,12,2,23,0,0,0,0,2,3,0,1,1,0,0,0,0,5,0,0,6,0,0,0,0,0,3,0,0,0,0
0,-1,0,0,18760,184,14,1,82,0,2,0,0,1,1,0,0,1,2,0,1,1,3,0,0,0,2,0,0,8,0,0,0,0,0,2,5,0,0,0
0,9,34,9,6082,50,3,9,37,0,1,0,9,5,7,0,0,3,4,0,1,1,0,0,0,0,1,0,0,1,9,0,1,0,0,2,0,2,0,0
0,-1,0,0,6397,51,1,13,49,0,1,0,0,1,1,0,0,1,0,0,1,1,0,3,0,4,1,0,0,3,0,0,0,0,0,1,0,0,0,1
0,-1,0,0,1985,43,8,4,152,0,3,0,0,3,17,0,0,1,1,2,1,1,0,1,0,1,3,0,0,1,0,0,0,0,0,1,0,0,0,1
0,1,51,11,20692,1645,3,21,1580,0,1,0,11,7,2,0,0,2,1,0,7,1,3,0,0,0,2,2,0,6,1,1,1,0,0,2,0,1,0,0
9,1,2,0,1006,50,25,0,168,1,6,0,0,1,0,0,0,1,1,0,1,1,0,0,0,0,2,0,0,1,0,0,3,0,0,7,0,2,0,1
0,241,3,10,1504,192,41,47,1552,0,10,0,10,1,6,0,0,1,1,0,2,1,0,3,0,4,1,0,0,8,3,0,2,0,0,5,0,1,0,0
2,2649,0,1,319,9,3,23,27,2,3,0,1,2,5,1,1,1,3,0,1,1,1,0,1,0,4,1,1,2,2,0,0,1,2,6,1,0,0,0
31,6,62,87,53,73,68,33,1551,1,5,0,66,1,9,0,0,2,1,0,1,1,0,0,0,0,2,0,0,6,0,0,0,0,0,3,0,0,0,1
1,0,0,9,27,9,1,10,9,1,1,0,9,2,4,3,2,4,3,0,1,1,0,5,3,6,1,0,3,3,8,0,0,3,0,2,2,0,0,0
0,25,1,0,17330,62,1,3,76,0,1,0,0,1,0,0,5,4,3,0,1,1,0,0,0,0,2,0,0,2,0,1,3,0,0,3,6,1,2,0
0,190,0,0,1324,70,1,0,0,0,1,0,0,1,0,0,5,1,1,0,1,1,0,0,0,0,2,0,0,1,0,2,3,0,0,3,6,3,2,1
0,1350,0,0,4832,0,0,18,31,0,0,3,0,5,5,1,1,0,3,0,1,1,0,0,1,0,4,1,1,8,2,0,0,1,0,6,1,0,0,0
0,0,2,10,1536,46,1,18,28,0,1,0,10,4,0,0,0,1,2,0,1,1,0,0,0,0,6,0,0,4,0,0,0,0,0,5,0,0,0,0
0,78,1,0,7570,0,0,0,16,0,0,0,0,1,0,0,0,1,2,0,1,1,0,0,0,0,3,0,0,1,0,1,2,0,2,3,1,3,0,0
0,0,3,3,5993,502,11,4,549,0,3,0,3,2,0,0,4,1,3,0,0,1,1,0,0,0,1,0,0,1,0,0,0,0,0,1,5,0,0,1
0,54,4,10,2214,25,23,13,98,0,4,0,10,2,1,0,0,1,1,0,1,1,1,0,0,0,2,0,0,1,0,0,0,0,2,1,0,0,0,1
1,190,0,0,1166,4,14,4,64,0,5,0,0,9,0,1,1,4,1,0,2,1,0,0,1,0,3,0,1,1,0,0,0,1,0,3,1,0,0,0
2,30,27,2,0,0,2,2,2,1,1,0,0,1,0,0,0,1,2,0,1,1,0,0,0,0,1,0,0,2,0,1,3,0,1,1,0,3,0,1
0,0,0,0,40698,963,0,2,23,0,0,0,2,1,4,6,2,1,1,0,1,1,0,0,6,0,2,0,6,3,4,0,0,6,0,1,2,0,0,0
0,0,3,4,4520,158,28,23,639,0,5,0,6,2,0,0,0,3,3,0,0,1,0,0,0,0,2,0,0,4,0,0,0,0,2,6,0,0,0,0
0,19,31,8,7130,126,1,20,116,0,1,0,8,1,0,0,0,1,0,0,3,1,1,0,0,0,1,0,0,5,0,1,2,0,0,2,0,4,0,0
0,508,6,6,14166,37,1,6,63,0,1,0,6,0,2,0,0,4,1,0,1,1,0,0,0,0,3,0,0,1,1,0,1,0,0,3,0,3,0,0
0,0,31,2,41016,0,0,9,17,0,0,0,8,1,1,0,0,1,6,0,5,2,0,0,0,0,1,0,0,7,0,0,0,0,0,5,0,0,0,0
0,8,0,2,30617,0,0,5,40,0,0,0,2,1,4,3,2,2,1,0,3,1,0,0,3,0,2,0,3,3,4,0,0,3,0,2,2,0,0,0
4,0,128,42,7,44,4,44,42,1,1,2,42,5,7,0,0,1,1,0,1,1,0,0,0,0,3,0,0,8,0,0,1,0,2,1,0,2,0,0
0,2,0,3,1602,8,1,3,8,0,1,0,3,1,0,0,0,1,2,0,1,1,0,0,0,0,2,0,0,3,0,1,3,0,0,1,0,7,0,0
0,0,1,9,1582,47,3,2,86,0,2,0,9,1,13,0,0,2,1,2,4,1,0,1,0,1,2,0,0,2,11,0,3,0,0,1,0,9,0,1
29,0,0,7,1,0,825,15,1208,2,23,0,0,1,0,0,0,1,1,0,8,1,0,0,0,0,2,0,0,1,0,1,2,0,0,8,0,0,0,0
0,164,7,2,10118,259,20,11,256,0,5,0,30,0,17,2,2,1,2,2,3,1,0,1,2,1,1,0,2,1,0,0,0,2,0,1,2,0,0,0
0,3,1,7,41247,0,0,9,279,0,0,0,9,1,0,1,1,1,1,0,1,1,1,0,1,0,1,0,1,5,0,0,0,1,0,4,1,0,0,0
6,110,3,2,1,0,10,2,101,1,3,0,0,7,12,0,0,1,0,0,2,1,0,0,0,0,3,0,0,1,10,0,3,0,0,1,0,6,0,1
2,1,13,6,56,6,5,4,15,1,2,0,6,3,0,0,0,1,2,0,3,1,1,0,0,0,6,0,0,1,0,0,1,0,0,1,0,3,0,1
0,0,2,19,87174,4638,0,5,1189,0,0,0,29,1,1,0,0,1,1,0,2,2,1,0,0,0,1,0,0,2,0,0,0,0,0,2,0,0,0,0
20,0,1,0,51,1,20,1,1,1,1,3,1,4,0,1,1,1,2,0,3,1,0,0,1,0,2,0,1,8,0,0,0,1,1,2,1,0,0,1
2,17,0,0,24,0,2,0,0,1,1,0,0,1,18,0,0,1,2,0,2,1,0,0,0,0,1,0,0,2,0,0,0,0,0,2,0,0,0,1
10,182,35,33,0,0,15,37,46,1,4,0,0,1,0,0,0,3,2,0,3,1,0,0,0,0,1,0,0,1,0,0,0,0,1,2,5,0,0,0
0,2242,13,7,11786,63,29,13,87,0,1,0,13,5,5,1,1,1,1,0,3,1,0,0,1,0,4,1,1,1,2,0,0,1,1,6,1,0,0,0
0,158,0,0,29815,0,0,3,63,0,0,0,55,1,5,1,1,1,1,0,5,1,0,0,1,0,4,1,1,4,2,0,0,1,0,2,1,0,0,0
0,51,1,1,9934,0,0,1,1,0,0,0,1,1,0,0,0,1,2,0,1,1,1,0,0,0,2,0,0,2,0,0,0,0,1,1,0,0,0,0
0,2,51,12,6593,104,13,10,92,0,4,0,12,1,2,0,0,2,1,0,1,1,0,0,0,0,3,0,0,1,0,0,2,0,2,1,0,1,0,0
0,60,0,6,3682,43,5,5,61,0,2,0,6,1,17,2,2,1,1,1,4,1,0,1,2,1,1,0,2,4,0,0,0,2,0,1,2,0,0,0
12,10,3,1,60,8,12,13,13,1,1,0,3,0,1,0,0,1,1,0,2,1,0,0,0,0,2,0,0,1,0,0,0,0,0,1,0,0,0,0
0,28,8,1,3015,0,0,1,4,0,0,0,1,1,3,0,0,1,1,0,1,1,1,0,0,0,1,0,0,5,5,1,2,0,0,2,0,1,0,0
0,11,56,8,43109,0,0,33,0,0,0,0,15,0,9,0,0,1,1,0,1,1,1,0,0,0,1,0,0,7,0,0,0,0,0,2,0,0,0,0
0,1,1,0,14780,80,1,1,14,0,1,0,0,1,7,0,0,0,0,0,2,1,0,0,0,0,2,0,0,3,0,0,1,0,0,1,0,1,0,0
0,495,0,0,0,0,0,5,0,0,0,0,0,2,1,0,0,3,1,0,1,2,1,0,0,0,1,0,0,9,0,0,0,0,0,4,0,0,0,0
0,1,181,9,897,0,0,26,26,0,0,0,10,1,16,0,0,1,2,0,1,1,4,0,0,0,6,0,0,7,13,0,1,0,0,2,0,0,0,0
6,0,29,41,14,41,6,37,41,1,1,0,41,4,11,0,0,1,0,0,4,1,0,0,0,0,2,0,0,1,0,1,1,0,0,2,0,2,0,0
2,0,1,0,188,0,2,0,0,1,1,0,0,1,16,0,0,1,1,0,1,1,0,0,0,0,2,0,0,7,13,0,3,0,0,2,0,0,0,0
0,-1,0,0,0,0,0,0,0,0,0,0,0,2,1,0,0,2,2,0,2,2,1,0,0,0,1,0,0,9,0,0,0,0,0,1,0,0,0,1
0,-1,0,0,13396,97,4,0,50,0,1,0,0,1,0,0,0,1,2,0,4,1,0,0,0,0,2,0,0,4,0,0,0,0,0,1,0,0,0,0
0,-1,2,0,4334,0,0,0,195,0,0,0,0,1,9,0,0,1,1,0,1,1,1,5,0,6,1,0,0,5,0,0,0,0,0,2,0,0,0,0
0,776,0,1,2995,10,1,1,5,0,1,0,1,1,1,0,0,1,3,0,3,1,0,2,0,2,1,0,0,3,0,0,0,0,0,1,0,0,0,0
0,-1,0,0,9740,109,17,0,10,0,5,0,0,1,1,0,0,1,2,0,2,1,1,0,0,0,2,0,0,1,0,0,0,0,0,3,0,0,0,1
0,1,6,0,1450,27,81,5,5,0,1,0,0,0,0,0,0,1,1,0,1,1,1,0,0,0,2,0,0,1,0,0,0,0,2,6,0,0,0,0
1,1,1,0,563,9,1,10,9,1,1,0,0,2,2,0,0,1,1,0,1,1,0,0,0,0,2,2,0,3,1,0,1,0,0,1,4,1,1,0
0,167,0,0,198,242,6,1,9,0,1,0,0,3,5,1,1,1,2,0,2,1,0,0,1,0,4,1,1,1,2,0,0,1,0,6,1,0,0,0
0,4,3,2,2671,24,19,6,70,0,5,0,2,1,1,0,0,2,1,0,2,1,0,0,0,0,2,0,0,1,0,0,0,0,0,0,0,0,0,0
0,35,0,9,40556,0,0,41,10,0,0,0,9,2,4,2,2,1,3,0,1,1,1,0,2,0,1,4,2,1,4,0,0,2,0,1,2,0,0,0
0,0,2,7,4371,561,1,29,120,0,1,0,7,1,4,6,2,1,1,0,1,1,0,0,6,0,2,0,6,3,4,0,0,6,0,7,2,0,0,0
0,0,21,4,10121,0,0,7,77,0,0,0,5,1,0,0,0,1,1,0,1,1,0,0,0,0,1,0,0,7,0,1,2,0,0,2,0,2,0,0
2,1,3,1,144,10,24,38,71,2,5,0,1,2,11,0,0,4,1,0,3,1,0,0,0,0,3,0,0,1,0,1,1,0,0,2,0,2,0,1
0,7,5,0,5866,155,2,3,33,0,2,0,0,2,0,0,0,4,1,0,2,1,1,0,0,0,1,0,0,3,0,0,3,0,0,2,0,0,0,0
0,11,6,1,4299,40,19,2,25,0,7,0,2,2,3,0,0,1,3,0,1,1,1,0,0,0,2,0,0,6,0,1,3,0,0,3,3,1,0,0
0,1,33,6,3706,28,2,7,28,0,1,0,6,0,19,0,0,1,2,0,7,1,0,0,0,0,0,0,0,2,0,0,1,0,1,2,0,8,0,0
0,70,7,2,6518,26,23,2,12,0,2,0,2,1,3,0,0,1,1,0,1,1,0,0,0,0,2,0,0,6,5,1,3,0,0,2,0,1,0,0
0,29,0,2,10154,0,0,6,93,0,0,0,2,2,8,2,2,1,1,0,5,1,1,0,2,0,1,0,2,5,7,0,0,2,0,2,2,0,0,0
0,7,32,23,31645,41,15,14,24,0,0,0,23,1,3,0,3,1,2,0,1,1,0,0,0,0,1,0,0,8,6,1,2,0,0,2,3,1,0,0
0,0,2,8,1632,56,16,37,56,0,4,0,8,2,2,5,3,1,2,0,6,1,0,0,5,0,1,0,5,1,12,3,2,4,0,1,3,1,3,1
0,4,1,1,10,0,0,1,1,0,0,0,1,2,0,0,0,1,0,0,1,1,1,0,0,0,1,0,0,5,0,1,1,0,0,1,0,5,0,0
0,0,1,0,0,0,0,1,0,0,0,0,0,1,1,0,0,1,2,0,2,2,1,0,0,0,3,0,0,9,0,0,0,0,0,6,0,0,0,1
2,0,22,2,797,34,6,27,132,1,2,0,2,1,2,0,0,1,3,0,4,1,0,0,0,0,2,2,0,1,1,0,1,0,2,3,0,1,0,0
0,285,0,2,3448,68,15,39,89,0,2,0,3,1,0,1,1,1,1,0,3,1,0,0,1,0,3,0,1,1,0,0,0,1,0,3,1,0,0,0
26,2,5,7,2,8,106,4,41,2,8,1,7,1,1,0,0,1,2,0,1,1,0,0,0,0,3,0,0,8,0,0,0,0,0,5,0,0,0,0
0,0,6,8,20285,924,2,9,320,0,1,0,8,1,0,2,2,2,1,0,1,1,0,0,2,0,3,0,2,1,0,0,0,2,0,8,2,0,0,0
0,-1,2,0,41188,0,0,0,103,0,0,0,0,1,3,5,3,2,4,0,1,1,0,0,5,0,1,0,5,1,6,1,3,4,0,1,3,1,4,1
0,4,8,5,8864,114,17,12,257,0,3,2,11,2,1,0,0,1,3,0,1,1,1,0,0,0,2,0,0,6,0,0,0,0,0,8,0,0,0,0
0,65,29,1,7777,566,1,1,22,0,1,0,1,1,2,5,3,1,4,0,1,1,0,0,5,0,4,0,5,3,12,3,2,4,0,2,3,1,3,0
0,36,0,0,34503,160,0,6,51,0,0,0,0,2,0,0,0,2,2,0,3,1,0,0,0,0,2,0,0,3,0,0,0,0,0,1,0,0,0,0
0,225,5,0,1444,32,7,3,12,0,4,0,0,3,16,0,0,2,4,0,1,1,1,0,0,0,4,0,0,1,13,0,1,0,0,2,4,1,1,0
0,11,1,1,7456,345,9,14,362,0,3,0,3,2,5,1,1,1,2,0,2,1,2,0,1,0,4,1,1,8,2,0,0,1,0,2,1,0,0,0
0,-1,0,0,0,0,0,4,39,0,0,0,0,2,1,0,0,1,2,0,3,2,1,0,0,1,1,0,0,9,0,0,0,0,1,1,0,0,0,0
0,0,20,20,1441,30,7,31,30,0,1,0,22,2,14,0,0,1,1,0,2,1,0,0,0,0,1,0,0,1,0,1,2,0,2,5,0,3,0,0
0,4,0,0,9092,536,1,42,146,0,1,0,0,0,0,0,0,3,1,0,1,1,0,0,0,0,1,0,0,3,0,0,0,0,0,4,0,0,0,0
0,1,3,0,16044,0,0,0,0,0,0,0,0,3,3,5,3,1,4,0,1,1,0,0,5,0,1,0,5,1,6,1,3,4,0,1,3,1,4,0
30,1,114,15,246,22,42,34,76,1,5,0,22,2,16,0,0,1,1,0,1,1,0,0,0,0,1,0,0,1,13,0,1,0,2,2,0,1,0,1
2,-1,42,14,302,38,25,38,90,1,3,0,38,1,2,0,0,1,1,0,1,1,0,0,0,0,2,2,0,1,1,1,3,0,0,3,3,1,0,0
0,2,1,2,1441,26,4,20,32,0,2,0,2,1,10,0,0,4,1,0,1,1,0,0,0,0,2,0,0,1,0,1,3,0,2,2,0,2,0,1
0,62,18,6,90,0,0,6,6,0,0,0,6,1,3,0,0,3,0,0,1,1,3,0,0,0,2,0,0,3,0,1,3,0,0,2,3,1,0,0
0,-1,0,0,7954,0,0,3,16,0,0,0,0,1,0,0,0,1,2,0,1,1,1,0,0,0,2,0,0,5,0,0,0,0,0,1,0,0,0,0
6,2,17,13,18,12,6,13,13,1,1,0,12,4,0,0,0,1,4,0,1,1,0,0,0,0,3,0,0,1,0,1,2,0,0,3,0,0,0,0
3,-1,0,0,666,4,14,0,301,1,6,3,0,1,3,0,0,4,1,0,1,1,0,0,0,0,1,0,0,6,5,1,3,0,0,2,0,1,0,1
1,16,2,3,1,4,1,2,49,1,1,0,3,4,1,0,0,2,3,0,3,1,0,0,0,0,2,0,0,3,0,0,0,0,0,2,0,0,0,0
0,-1,24,0,14486,404,6,2,49,0,2,0,2,2,6,0,0,2,5,0,1,1,0,0,0,0,0,0,0,1,3,2,1,0,0,1,0,0,0,0
0,0,2,1,29430,60,1,1,60,0,1,0,1,1,0,0,0,1,0,0,2,1,0,0,0,0,2,0,0,3,0,1,2,0,0,7,0,8,0,0
0,2,0,0,10481,0,0,4,2,0,0,0,0,1,4,6,2,1,3,0,0,1,0,0,6,0,3,0,6,1,8,0,0,6,0,1,2,0,0,1
3,0,27,26,25,37,14,22,108,0,3,0,26,1,0,0,0,5,1,0,1,1,4,0,0,0,3,0,0,1,0,0,1,0,1,2,0,0,0,0
0,23,83,2,0,0,0,2,2,0,0,0,2,4,3,0,0,1,1,0,0,2,1,0,0,0,2,0,0,9,5,1,2,0,2,4,0,1,0,1
3,13,2,2,43,2,9,10,39,1,2,0,2,2,2,0,0,2,0,0,1,1,0,0,0,0,2,2,0,1,1,0,1,0,0,1,0,1,0,0
0,3,2,6,23492,0,0,0,0,0,0,0,10,2,9,0,0,1,1,0,3,1,0,0,0,0,1,0,0,3,0,0,0,0,0,1,0,0,0,0
4,-1,0,0,76,0,4,0,0,1,1,0,0,1,7,0,0,1,1,0,1,1,0,2,0,2,1,0,0,1,9,1,1,0,0,1,0,2,0,1
88,0,2,0,154,4,519,32,855,1,32,0,0,1,19,0,0,1,6,0,1,1,0,0,0,0,2,0,0,6,0,0,1,0,1,7,4,8,1,1
1,2,1,1,768,26,4,22,241,1,4,0,1,1,0,0,0,1,1,0,2,1,0,0,0,0,2,0,0,2,0,1,2,0,0,3,0,1,0,0
0,1,0,8,42632,0,0,21,24,0,0,0,8,1,4,2,2,1,1,0,1,1,0,0,2,0,3,0,2,7,4,0,0,2,1,1,2,0,0,0
0,0,2,0,10301,21,2,1,11,0,1,0,0,0,0,0,0,2,0,0,7,1,0,0,0,0,2,0,0,1,0,1,3,0,0,1,0,1,0,1
1,0,3,3,11,3,1,4,3,1,1,0,3,0,16,0,0,1,1,0,1,1,1,0,0,0,2,0,0,3,13,0,1,0,0,1,0,4,0,1
0,1,2,14,2109,43,7,18,43,0,1,1,15,1,0,0,0,1,1,0,1,1,0,0,0,0,1,0,0,4,0,1,3,0,2,1,0,4,0,0
3,0,110,7,162,44,4,47,109,1,2,0,44,5,12,0,0,1,1,0,1,1,0,0,0,0,2,0,0,2,10,0,3,0,0,3,4,6,1,0
0,2,1,19,2914,451,6,49,107,0,1,1,19,1,0,1,1,5,2,0,1,1,3,0,1,0,1,0,1,8,0,0,0,1,0,2,1,0,0,1
0,45,3,4,11770,0,0,4,81,0,0,0,4,1,8,2,2,1,1,0,1,1,1,0,2,0,1,0,2,5,0,0,0,2,0,4,2,0,0,0
1,11,67,2,28,2,15,2,211,1,5,0,2,1,0,0,0,1,1,0,1,1,0,0,0,0,2,0,0,1,0,0,3,0,0,2,4,0,0,0
0,352,8,5,1545,137,0,7,12,0,0,0,5,4,0,0,0,1,1,0,1,1,0,0,0,0,3,0,0,1,0,1,3,0,0,3,0,4,0,0
0,159,0,2,1023,0,0,13,36,0,0,0,2,6,0,0,0,3,1,0,2,1,1,0,0,0,2,0,0,5,0,0,0,0,1,1,0,0,0,1
0,95,3,2,13396,1049,3,2,379,0,2,0,2,3,4,3,2,1,1,0,1,1,0,2,3,2,2,0,3,1,8,0,0,3,1,1,2,0,0,0
4,32,3,5,1427,43,6,7,16,0,1,0,5,1,0,0,0,1,1,0,3,1,1,0,0,0,2,0,0,1,0,0,0,0,0,8,0,0,0,0
6,0,23,0,5,0,11,0,0,1,2,0,0,1,19,0,0,1,0,0,1,1,1,0,0,0,3,0,0,1,0,0,1,0,0,3,0,8,0,1
0,1,0,1,0,0,0,1,1,0,0,0,1,1,10,0,0,0,1,0,3,2,1,0,0,0,2,0,0,9,0,1,1,0,0,1,0,2,0,0
0,78,4,22,12025,0,0,42,22,0,0,0,22,1,4,3,2,3,1,0,1,1,0,0,3,3,2,0,3,1,4,0,0,3,0,1,2,0,0,0
0,64,2,2,2357,155,1,22,72,0,1,0,4,2,0,0,0,2,3,0,1,1,0,0,0,0,1,0,0,3,0,0,0,0,0,2,5,0,0,0
0,179,0,0,0,0,0,0,0,0,0,0,0,7,1,0,0,1,2,0,1,2,1,0,0,3,1,0,0,9,0,0,0,0,0,5,0,0,0,0
4,2041,2,3,46,3,10,5,51,1,4,0,3,1,9,0,0,1,1,0,1,1,0,0,0,0,1,0,0,6,0,0,0,0,0,2,0,0,0,1
0,113,1,0,7443,0,0,2,50,0,0,0,0,1,0,0,0,4,1,0,1,1,1,0,0,0,1,0,0,5,0,0,0,0,0,2,3,0,0,0
0,0,1,0,9021,44,2,0,12,0,1,0,0,1,20,4,1,1,1,0,1,1,0,0,4,0,2,0,4,2,0,0,0,5,0,2,1,0,0,0
0,35,4,2,133185,0,0,5,2,0,0,0,4,1,0,0,0,2,1,0,1,2,0,0,0,0,1,0,0,1,0,0,3,0,1,7,0,7,0,0
64,8,0,0,177,0,65,20,18,1,2,0,0,1,1,0,0,1,1,0,1,1,0,0,0,0,1,0,0,1,0,0,0,0,0,3,0,0,0,0
0,3,4,4,1918,89,7,12,89,0,1,1,4,3,0,0,0,1,1,0,1,1,0,0,0,0,1,0,0,1,0,2,1,0,0,2,0,0,0,0
0,122,75,5,20224,0,0,30,0,0,0,0,28,1,0,0,0,1,1,0,1,1,0,0,0,0,1,0,0,1,0,0,0,0,2,1,0,0,0,0
0,13,1,5,1556,78,9,20,26,0,1,0,15,5,2,0,0,1,1,0,1,1,0,0,0,0,2,2,0,1,1,0,1,0,0,2,3,1,0,0
0,-1,0,0,0,0,0,0,6,0,0,0,0,1,0,0,0,1,0,0,2,2,1,0,0,0,3,0,0,9,0,0,0,0,0,1,0,0,0,0
0,21,15,1,73965,0,0,5,6,0,0,0,1,3,7,0,0,4,4,0,1,2,0,0,0,0,5,0,0,2,0,0,2,0,0,2,3,1,0,0
0,0,47,0,110220,0,0,3,41,0,0,0,0,1,12,0,0,2,1,0,7,2,0,0,0,0,3,0,0,1,10,1,3,0,0,5,0,1,0,0
0,1,11,4,6190,123,4,5,56,0,1,0,4,7,2,0,0,1,0,0,2,1,0,0,0,0,1,3,0,1,1,0,1,0,0,1,3,1,0,0
0,15,3,1,5928,44,5,5,33,0,1,1,1,6,0,0,0,1,0,0,1,1,0,0,0,0,2,0,0,4,0,1,3,0,0,2,4,2,1,0
0,0,1,4,8035,223,18,19,387,0,8,0,4,3,8,4,1,1,1,0,4,1,4,0,4,0,1,0,4,1,0,0,0,5,0,1,1,0,0,1
0,0,3,1,1516,8,3,2,4,0,3,0,1,3,0,0,0,1,1,0,1,1,0,0,0,0,7,0,0,1,0,1,3,0,1,1,0,7,0,1
5,-1,0,0,547,50,86,47,318,2,20,0,0,1,1,0,0,1,1,0,1,1,0,0,0,0,1,0,0,1,0,0,0,0,0,5,0,0,0,0
3,44,1,2,1,2,3,1,2,1,1,0,2,0,1,0,0,2,3,0,2,1,0,0,0,0,3,0,0,2,0,0,0,0,0,2,0,0,0,0
1,2,16,24,36,19,1,29,62,1,1,0,19,3,17,0,0,1,3,1,1,1,0,1,0,1,2,0,0,4,0,0,0,0,0,1,0,0,0,1
0,5,0,0,19658,33,2,9,33,0,1,0,0,4,0,0,0,5,5,0,1,1,1,0,0,0,2,0,0,5,0,0,0,0,0,1,0,0,0,1
9,20,2,6,1267,27,10,28,27,0,1,0,6,1,15,0,0,1,6,0,0,1,0,2,0,2,1,0,0,1,0,0,0,0,0,2,7,0,0,1
0,66,89,0,357412,0,0,19,0,0,0,0,26,4,10,0,0,1,0,0,5,2,0,0,0,0,3,0,0,3,0,1,2,0,0,3,0,2,0,0
0,10,3,0,21322,0,0,0,0,0,0,0,0,3,0,0,0,4,1,0,0,1,1,0,0,0,1,0,0,5,0,1,2,0,0,4,0,5,0,0
0,34,0,3,6439,372,2,11,581,0,2,0,3,4,0,0,0,2,1,0,1,1,0,0,0,0,2,0,0,1,0,0,0,0,0,1,0,0,0,0
0,2,7,1,10820,1333,2,1,1265,0,1,0,1,5,0,0,0,1,0,0,4,1,1,0,0,0,2,0,0,8,0,1,2,0,0,1,0,1,0,0
0,0,0,3,1992,5,6,5,5,0,1,0,3,2,0,0,0,2,0,0,3,1,0,0,0,0,7,0,0,7,0,1,1,0,0,1,0,3,0,0
0,-1,4,0,1981,14,1,0,1,0,1,0,0,2,3,0,0,2,0,0,1,1,3,0,0,0,1,0,0,3,5,1,1,0,0,2,0,1,0,0
0,2,8,14,11656,46,10,19,46,0,1,0,19,2,0,0,0,1,0,0,1,1,1,0,0,0,3,0,0,1,0,1,3,0,0,1,0,1,0,0
0,-1,1,0,5061,233,7,8,1634,0,3,0,0,9,4,3,2,3,1,0,0,1,0,0,3,0,1,0,3,1,8,0,0,3,0,2,2,0,0,0
0,2,92,12,2993,238,4,30,376,0,2,0,16,1,6,0,0,1,1,0,1,1,0,0,0,0,1,0,0,1,0,0,3,0,2,5,0,3,0,0
0,18,0,4,3070,0,0,0,62,0,0,0,4,1,18,0,0,2,3,0,1,1,0,0,0,0,3,0,0,7,0,0,0,0,0,1,0,0,0,0
0,0,3,6,8223,123,5,10,130,0,2,1,11,0,0,0,4,2,3,0,1,1,1,0,0,0,3,0,0,8,0,0,0,0,0,1,5,0,0,1
1,1,9,7,292,13,1,9,9,1,1,0,7,1,6,0,0,1,1,0,1,1,0,0,0,0,1,0,0,3,3,0,1,0,0,2,0,3,0,1
0,42,1,22,1670,22,33,1,604,0,8,2,22,2,13,0,0,1,1,1,1,1,0,1,0,1,1,0,0,6,11,1,3,0,0,1,0,9,0,1
0,0,1361,0,10,0,0,31,28,0,0,0,0,8,10,0,0,1,1,0,1,1,1,0,0,0,3,0,0,5,0,1,2,0,0,4,0,2,0,0
0,-1,0,0,8697,361,9,0,99,0,1,0,0,3,5,1,1,2,1,0,2,1,1,0,1,0,3,0,1,1,0,0,0,1,2,2,1,0,0,0
0,1,5,11,1584,0,0,29,55,0,0,0,11,1,0,0,0,1,0,0,1,1,0,0,0,0,4,0,0,1,0,0,2,0,0,1,0,2,0,0
12,0,5,16,28,57,188,31,345,1,9,0,15,1,0,0,4,1,1,0,1,1,0,0,0,0,1,0,0,6,0,0,0,0,2,3,5,0,0,1
0,1,7,6,171,0,0,8,8,0,0,0,6,1,2,0,0,1,0,0,1,1,1,0,0,0,1,3,0,5,1,0,3,0,0,1,0,1,0,1
6,23,0,0,786,39,6,4,4,1,1,0,0,1,0,0,0,2,1,0,1,1,1,0,0,0,2,0,0,2,0,0,0,0,2,3,0,0,0,1
1,-1,0,0,799,98,2,23,118,1,2,0,0,1,5,1,1,4,2,0,1,1,0,0,1,0,4,1,1,2,2,0,0,1,0,2,1,0,0,0
0,20,1,9,26076,768,1,5,371,0,1,0,10,1,0,0,0,1,2,0,1,2,0,0,0,0,1,0,0,2,0,1,3,0,0,2,0,2,0,0
0,6,12,0,1933,755,3,24,154,0,1,0,15,2,1,0,0,1,1,0,1,1,1,0,0,0,1,0,0,2,0,0,0,0,1,4,0,0,0,0
0,2,2,0,38092,92,0,0,55,0,0,0,0,3,2,0,0,1,1,0,4,1,1,0,0,0,2,2,0,4,1,0,1,0,0,1,4,1,1,0
70,0,13,2,2,5,70,6,6,2,2,0,0,1,0,0,0,1,3,0,1,1,0,0,0,0,6,0,0,1,0,1,3,0,0,0,0,7,0,1
0,0,0,2,3602,226,8,22,446,0,6,0,3,1,0,6,2,2,2,0,1,1,0,0,6,0,2,0,6,1,0,0,0,6,0,8,2,0,0,0
4,44,1,4,1,2,10,14,47,1,3,11,1,2,0,0,4,1,1,0,1,1,1,0,0,0,1,0,0,6,0,0,0,0,1,1,5,0,0,1
0,14,2,1,492547,0,0,1,19,0,0,0,1,1,2,0,0,1,0,0,2,2,0,0,0,0,1,3,0,2,1,1,3,0,0,1,0,1,0,0
0,-1,0,0,23456,33,3,0,21,0,1,0,0,4,5,1,1,2,1,0,1,1,0,0,1,0,5,0,1,2,0,0,0,1,0,1,1,0,0,1
0,0,1,15,381,306,0,26,221,0,0,0,23,4,0,0,4,1,1,0,2,1,0,0,0,0,3,0,0,1,0,0,0,0,0,1,5,0,0,0
0,0,0,3,614,0,0,3,3,0,0,0,3,1,4,2,2,1,1,0,2,1,1,0,2,0,3,0,2,5,8,0,0,2,0,1,2,0,0,0
0,0,0,0,4649,2,2,1,2,0,2,0,0,1,0,0,0,0,0,0,3,1,2,0,0,0,1,0,0,2,0,0,0,0,0,1,0,0,0,0
0,1,7,12,3011,126,5,41,121,0,2,0,12,5,4,3,2,3,3,0,1,1,2,0,3,0,1,0,3,1,8,0,0,3,0,2,2,0,0,0
0,19,6,0,39296,0,0,0,0,0,0,0,0,2,1,0,0,1,1,0,1,1,0,0,0,0,1,0,0,3,0,0,0,0,0,3,0,0,0,0
0,-1,0,0,8020,26,6,0,80,0,2,0,0,4,0,0,0,1,5,0,3,1,1,0,0,0,2,0,0,1,0,0,3,0,0,1,0,0,0,1
0,1,0,1,19480,265,4,7,269,0,2,0,1,1,0,0,4,2,3,0,1,2,0,4,0,5,1,0,0,4,0,0,0,0,0,2,5,0,0,0
1,3,11,6,1349,6,10,7,9,0,4,0,6,1,2,0,0,1,0,0,3,1,0,0,0,0,5,0,0,1,1,0,1,0,0,1,0,1,0,1
13,2,15,0,17,3,13,0,0,1,1,0,0,1,0,0,0,1,0,0,2,1,0,0,0,0,2,0,0,1,0,1,1,0,0,7,0,10,0,0
0,2,44,3,1679,198,1,42,60,0,1,0,32,2,0,0,0,1,1,0,2,1,0,0,0,0,1,0,0,2,0,1,2,0,0,5,0,2,0,0
4,1,5,3,14,8,5,2,3,1,2,0,3,1,0,0,0,1,4,0,6,1,0,0,0,0,6,0,0,1,0,0,0,0,0,1,0,0,0,0
0,1,4,1,2108,2,3,1,2,0,1,0,1,3,2,0,0,1,0,0,2,1,0,0,0,0,2,2,0,2,1,0,1,0,0,1,4,1,1,1
0,1,0,0,5914,174,7,1,455,0,4,0,0,1,0,1,1,2,4,0,1,1,1,0,1,0,2,0,1,1,0,0,0,1,0,1,1,0,0,0
1,71,2,4,419,7,303,35,609,1,15,0,4,6,2,5,3,1,1,0,1,1,0,0,5,0,4,0,5,6,12,3,2,4,0,6,3,1,3,1
0,0,12,38,11630,252,5,6,241,0,1,0,67,1,0,0,0,2,2,0,1,1,2,0,0,0,3,0,0,1,0,1,2,0,0,1,0,0,0,0
0,0,6,8,41752,0,0,10,2,0,0,0,9,1,0,0,0,1,2,0,1,1,0,0,0,0,3,0,0,1,0,0,0,0,0,5,0,0,0,0
0,13,15,5,10471,0,0,5,55,0,0,0,5,7,5,1,1,1,1,0,1,1,1,0,1,0,4,1,1,7,2,0,0,1,0,1,1,0,0,0
0,-1,0,0,5993,33,2,0,33,0,1,0,0,1,2,0,0,1,1,0,1,1,0,0,0,0,1,3,0,2,1,0,1,0,0,1,0,4,0,0
0,39,9,6,27313,0,0,15,303,0,0,0,6,3,0,0,0,0,1,0,2,1,1,0,0,0,1,0,0,5,0,0,0,0,0,4,0,0,0,0
1,359,1,22,154,22,12,1,59,1,2,0,22,3,1,0,0,1,1,0,1,1,0,0,0,0,2,0,0,1,0,0,0,0,0,2,0,0,0,0
0,-1,0,0,4374,5,8,0,52,0,1,0,0,1,0,0,0,2,3,0,2,1,0,0,0,0,1,0,0,6,0,1,2,0,2,2,1,2,0,0
2,2,2,25,318,57,10,34,261,2,3,0,57,4,3,0,0,2,2,0,2,1,0,0,0,0,1,0,0,1,5,1,2,0,0,5,3,1,0,0
0,0,2,0,29335,37,8,0,11,0,1,0,0,1,16,0,0,1,1,0,3,1,1,0,0,0,2,0,0,3,13,0,3,0,0,1,0,1,0,0
0,-1,0,0,199514,0,0,7,8,0,0,0,0,2,1,0,0,3,3,0,5,2,1,0,0,0,2,0,0,5,0,0,0,0,0,4,5,0,0,0
0,0,12,6,3100,247,24,12,246,0,1,0,10,1,17,0,0,1,1,2,1,1,0,1,0,1,2,0,0,1,0,0,0,0,0,1,0,0,0,0
0,307,4,4,2826,4,4,4,20,0,2,0,4,1,0,0,0,1,3,0,1,1,1,0,0,0,2,0,0,2,0,1,2,0,0,2,0,0,0,0
8,699,0,0,11,0,495,11,55,2,29,11,0,2,17,2,2,2,1,2,4,1,0,1,2,1,1,0,2,1,0,0,0,2,0,1,2,0,0,0
1,0,1,27,8,27,2,25,155,1,2,0,27,1,1,2,2,5,2,0,1,1,0,0,2,0,3,0,2,1,0,0,0,2,0,6,2,0,0,0
0,69,0,1,1648,7,2,2,6,0,1,0,1,1,1,0,0,1,0,0,1,1,0,0,0,0,1,0,0,2,0,0,0,0,0,1,0,0,0,1
0,21,1,2,41,0,0,2,2,0,0,0,2,0,1,0,0,2,1,0,1,1,1,0,0,0,1,0,0,5,0,0,0,0,1,1,0,0,0,1
1,18,14,11,648,85,64,37,662,1,26,3,11,1,0,0,0,1,2,0,1,1,0,0,0,0,6,0,0,6,0,0,0,0,0,1,0,0,0,1
0,1,2,8,20671,153,34,18,105,0,2,0,8,0,0,0,0,1,2,0,1,1,0,0,0,0,1,0,0,1,0,0,0,0,0,1,0,0,0,0
0,2,2,9,25,0,0,9,9,0,0,0,9,2,4,3,2,1,1,0,1,1,1,0,3,0,3,0,3,5,8,0,0,3,0,2,2,0,0,0
0,92,21,3,5084,0,0,17,180,0,0,0,18,3,0,0,0,1,1,0,1,1,0,0,0,0,1,0,0,7,0,1,3,0,0,1,0,7,0,0
0,-1,0,2,3864,569,68,32,200,0,5,5,2,1,4,6,2,2,1,0,2,1,1,0,6,0,1,0,6,6,8,0,0,6,0,2,2,0,0,0
0,1,19,2,7007,167,3,5,81,0,1,0,5,2,14,0,0,2,3,0,1,1,0,0,0,0,2,0,0,2,0,1,2,0,0,1,0,3,0,0
0,233,0,0,14581,0,0,0,231,0,0,0,54,1,20,1,1,1,3,0,1,1,0,0,1,0,2,0,1,7,0,0,0,1,0,1,1,0,0,0
0,1,6,11,3067,35,48,12,40,0,4,0,11,4,17,1,1,1,1,2,1,1,0,1,1,1,2,0,1,1,0,0,0,1,0,1,1,0,0,0
0,3,1,0,2072,0,7,0,45,0,1,0,0,1,3,0,0,1,1,0,1,1,0,0,0,0,1,0,0,1,5,1,3,0,1,1,0,1,0,1
5,12,8,8,4,8,27,32,214,2,6,0,8,1,3,0,0,2,3,0,1,1,0,0,0,0,2,0,0,4,0,1,3,0,0,1,3,1,0,0
1,165,8,1,2,0,2,2,10,1,2,0,0,0,2,0,0,0,2,0,2,1,1,0,0,0,1,3,0,2,1,0,2,0,2,1,0,1,0,0
0,0,7,4,7747,186,3,45,146,0,1,0,14,2,8,2,2,1,1,0,2,1,1,0,2,0,1,0,2,2,7,0,0,2,0,4,2,0,0,0
2,2,5,12,27,10,2,33,33,2,2,0,10,0,3,0,0,2,1,0,3,1,0,0,0,0,3,0,0,2,5,1,1,0,0,3,0,1,0,0
0,8,64,10,10117,19,3,12,14,0,1,0,11,2,2,5,3,1,0,0,2,1,0,0,5,0,4,0,5,2,12,3,2,4,0,1,3,1,3,0
0,-1,28,2,0,636,10,28,193,0,2,0,0,0,10,0,0,1,1,0,2,1,0,2,0,2,2,0,0,1,0,1,2,0,0,1,0,2,0,0
0,8,161,8,43272,0,0,27,0,0,0,0,25,2,5,1,1,1,1,0,0,1,0,0,1,0,5,0,1,7,0,0,0,1,0,7,1,0,0,0
0,51,0,15,30333,314,0,0,558,0,0,0,49,1,8,2,2,1,1,0,2,1,0,0,2,0,1,0,2,1,7,0,0,2,0,2,2,0,0,0
0,-1,0,0,2334,36,12,24,159,0,7,0,0,1,0,0,0,1,2,0,1,1,0,2,0,2,2,0,0,1,0,0,0,0,0,1,0,0,0,1
1,283,4,2,4,0,1,2,56,1,1,0,0,1,0,0,0,2,1,0,1,1,0,4,0,5,2,0,0,1,0,1,2,0,0,2,1,1,0,1
0,1,0,1,37460,0,0,5,1,0,0,0,1,1,4,2,2,1,2,0,1,1,0,2,2,2,1,4,2,3,4,0,0,2,0,1,2,0,0,0
2,106,18,18,904,31,10,22,69,1,4,0,18,1,1,0,0,1,0,0,1,1,0,0,0,0,0,0,0,1,0,0,0,0,0,1,0,0,0,0
0,0,5,11,1995,249,7,48,91,0,2,0,27,0,8,3,2,1,1,0,1,1,0,0,3,0,2,0,3,1,7,0,0,3,1,6,2,0,0,0
0,391,10,1,149116,0,0,9,1,0,0,0,8,1,0,0,0,2,2,0,4,2,0,0,0,0,6,0,0,7,0,0,0,0,0,5,0,0,0,0
0,1,3,1,63453,0,0,1,1,0,0,0,1,2,1,0,0,1,1,0,5,2,0,0,0,0,5,0,0,7,0,0,0,0,0,3,0,0,0,0
0,20,0,2,4367,219,22,39,277,0,4,0,16,2,0,0,0,1,3,0,2,1,0,5,0,6,6,0,0,1,0,0,0,0,2,2,0,0,0,0
0,116,0,0,6600,175,22,21,214,0,7,0,0,1,0,0,0,1,3,0,1,1,0,0,0,0,2,0,0,1,0,1,3,0,0,1,0,7,0,1
0,3069,2,0,18925,4,16,0,4,0,3,0,0,1,6,0,0,1,0,0,4,1,0,0,0,0,1,0,0,1,3,0,2,0,0,1,0,3,0,0
0,30,0,0,41264,808,0,5,82,0,0,0,0,2,20,1,1,1,3,0,1,1,0,5,1,6,1,0,1,3,0,0,0,1,0,1,1,0,0,0
0,0,4,5,4626,0,0,5,91,0,0,1,5,0,0,1,1,1,3,0,1,1,0,0,1,0,5,0,1,6,0,0,0,1,0,1,1,0,0,0
0,-1,27,18,1795,20,1,19,20,0,1,0,18,1,0,0,0,6,0,0,4,1,1,0,0,0,2,0,0,3,0,3,1,0,0,1,0,0,0,0
0,41,74,1,6160,183,6,17,37,0,2,0,17,2,0,0,0,1,1,0,1,1,0,0,0,0,3,0,0,1,0,1,3,0,0,1,0,3,0,0
29,0,13,9,108,9,29,11,9,1,1,2,9,2,2,0,0,2,2,0,1,1,0,0,0,0,1,3,0,8,1,0,3,0,0,5,3,1,0,0
0,370,1,3,1887,15,1,14,14,0,1,0,14,1,8,2,2,6,1,0,1,1,1,0,2,0,1,0,2,3,7,0,0,2,0,0,2,0,0,0
2,2,22,12,2,12,2,13,12,1,1,0,12,7,7,0,0,1,1,0,1,1,0,0,0,0,3,0,0,2,0,0,2,0,0,1,0,2,0,0
0,14,3,4,12015,18,1,7,18,0,1,0,4,3,0,0,0,1,0,0,1,1,0,0,0,0,2,0,0,3,0,0,0,0,0,1,0,0,0,0
0,1,6,10,2964,15,1,13,15,0,1,1,10,1,8,3,2,1,1,0,1,1,1,0,3,0,3,0,3,4,7,0,0,3,0,2,2,0,0,0
1,92,3,2,33,2,1,2,2,1,1,0,2,1,3,0,0,1,3,0,1,1,0,0,0,0,1,0,0,3,5,1,3,0,0,2,3,1,0,0
0,42,4,0,6528,215,3,26,47,0,2,0,13,0,0,2,2,1,1,0,3,1,0,0,2,0,1,0,2,2,0,0,0,2,0,8,2,0,0,0
1,2,1,0,1,0,8,0,0,1,7,0,0,2,4,2,2,0,1,0,1,1,1,0,2,0,2,0,2,5,4,0,0,2,0,1,2,0,0,0
0,3,10,5,1788,16,5,4,103,0,4,0,5,1,7,0,0,1,0,0,1,1,1,0,0,0,1,0,0,1,9,0,1,0,0,1,4,2,1,0
0,-1,0,0,40995,234,0,12,108,0,0,0,0,2,0,2,2,1,2,0,1,1,1,0,2,0,1,0,2,1,0,0,0,2,1,1,2,0,0,0
0,179,12,13,32247,165,1,28,144,0,0,0,28,1,0,2,2,1,1,0,1,1,0,0,2,0,1,0,2,1,0,0,0,2,0,1,2,0,0,0
0,1,20,41,512,0,0,38,45,0,0,0,41,1,7,0,0,1,0,0,0,1,1,0,0,0,1,0,0,1,9,0,3,0,0,1,0,2,0,0
0,1,4,1,11106,2557,3,1,953,0,1,0,13,0,0,0,0,1,3,0,1,1,1,0,0,0,1,0,0,1,0,0,3,0,0,2,0,0,0,0
0,39,2,5,3378,0,0,22,5,0,0,0,5,0,0,0,0,0,1,0,2,1,1,0,0,0,3,0,0,1,0,0,0,0,0,1,0,0,0,1
0,-1,1,18,12229,780,2,39,316,0,1,0,18,2,4,3,2,2,3,0,2,1,0,5,3,6,1,0,3,2,8,0,0,3,0,2,2,0,0,0
0,13,2,18,20867,56,18,7,32,0,3,0,19,2,4,3,2,1,1,0,1,1,0,0,3,0,1,0,3,1,8,0,0,3,0,1,2,0,0,0
0,21,0,0,13847,1461,1,19,186,0,1,0,0,0,4,3,2,3,3,0,1,1,0,0,3,0,2,0,3,1,4,0,0,3,0,1,2,0,0,1
20,-1,1,2,2,2,20,2,2,1,1,0,2,2,0,0,0,1,4,0,2,1,1,0,0,0,6,0,0,1,0,1,2,0,0,0,0,1,0,0
0,1,1,1,15361,112,8,1,106,0,1,0,1,1,0,0,4,5,2,0,1,1,0,0,0,0,1,0,0,1,0,0,0,0,1,1,5,0,0,0
0,8,23,11,1475,32,2,18,130,0,2,0,12,1,0,0,0,3,2,0,2,1,4,0,0,0,3,0,0,1,0,1,3,0,1,1,0,10,0,0
0,241,13,12,502,0,0,16,88,0,0,0,12,1,0,0,0,1,2,0,2,1,1,0,0,0,2,0,0,7,0,1,3,0,0,1,0,2,0,0
0,1065,5,2,0,0,0,5,5,0,0,0,5,0,1,0,0,4,2,0,5,2,1,0,0,0,2,0,0,9,0,0,0,0,0,4,0,0,0,0
0,-1,21,30,11844,287,1,14,285,0,1,0,31,3,0,0,0,1,1,0,0,1,1,0,0,0,7,0,0,3,0,0,1,0,0,2,0,5,0,0
0,11,7,4,4320,0,0,6,4,0,0,0,4,2,1,0,0,1,1,0,1,1,1,0,0,0,2,0,0,5,0,0,0,0,0,1,0,0,0,0
1,12,10,5,25,5,45,7,1553,1,17,1,5,3,0,0,0,1,2,0,1,1,0,0,0,0,0,0,0,6,0,0,0,0,0,2,0,0,0,1
24,2,6,20,2,5,25,33,32,1,2,0,5,1,6,0,0,1,1,0,0,1,0,3,0,4,3,0,0,1,3,0,1,0,0,5,0,3,0,1
0,1,11,5,26249,273,1,6,61,0,1,0,5,7,0,0,0,2,1,0,1,1,0,0,0,0,5,0,0,3,0,0,1,0,0,4,0,5,0,0
0,33,9,3,6212,183,2,5,5,0,1,0,3,5,0,0,0,1,0,0,1,1,1,0,0,0,0,0,0,4,0,0,0,0,0,0,0,0,0,0
0,0,15,10,1491,151,10,31,205,0,4,7,10,1,0,0,0,2,1,0,3,1,1,0,0,0,1,0,0,6,0,1,2,0,0,1,0,5,0,1
3,11,4,4,868,6,64,6,100,1,12,0,4,1,19,0,0,2,6,0,3,1,0,0,0,0,1,0,0,6,0,0,1,0,0,5,4,8,1,0
0,-1,0,0,14,92,0,0,83,0,0,0,0,1,2,0,0,1,0,0,1,1,0,0,0,0,2,2,0,4,1,2,2,0,0,1,0,1,0,0
0,13,6,5,10085,6,2,5,9,0,1,0,5,1,1,0,0,1,5,0,3,1,0,0,0,0,1,0,0,1,0,0,0,0,0,1,0,0,0,0
0,0,11,10,8812,263,5,11,783,0,4,0,10,6,0,0,4,1,1,0,1,1,0,0,0,0,1,0,0,4,0,0,0,0,0,1,5,0,0,0
0,1,14,31,11761,196,75,46,273,0,6,0,31,1,0,1,1,0,2,0,1,1,0,0,1,0,2,0,1,6,0,0,0,1,0,3,1,0,0,0
0,26,0,0,3180,137,14,15,556,0,3,0,0,4,18,0,0,1,3,0,3,1,0,0,0,0,2,0,0,1,0,0,0,0,0,1,0,0,0,0
3,0,1372,6,15,4,3,11,8,0,1,0,4,8,0,0,0,1,2,0,1,1,1,0,0,0,3,0,0,1,0,1,2,0,0,4,0,0,0,1
2,-1,0,0,1415,1,136,7,161,0,10,0,0,3,0,0,0,1,3,0,1,1,0,0,0,0,3,0,0,8,0,0,0,0,0,3,0,0,0,0
3,328,1371,6,15,4,3,11,8,0,1,0,4,1,0,0,0,2,2,0,1,1,1,0,0,0,1,0,0,1,0,1,2,0,0,4,0,0,0,1
0,0,6,1,2913,61,4,10,35,0,1,0,1,1,18,0,0,3,4,0,2,1,4,0,0,0,2,0,0,1,0,0,0,0,0,2,0,0,0,0
4,-1,6,1,51,1,4,2,2,1,1,0,1,7,0,0,0,1,3,0,7,1,2,0,0,0,3,0,0,1,0,0,1,0,0,1,0,0,0,0
0,0,1,0,5862,395,9,2,16,0,2,0,0,0,0,6,2,2,2,0,8,1,0,0,6,0,3,0,6,1,0,0,0,6,0,3,2,0,0,0
0,-1,0,0,0,0,0,2,3,0,0,0,0,1,4,3,2,2,3,0,3,2,1,0,3,3,1,4,3,9,4,0,0,3,0,5,2,0,0,0
0,5,25,2,30941,212,34,2,24,0,0,0,2,1,0,0,0,1,1,0,3,1,0,0,0,0,1,0,0,1,0,1,2,0,2,1,0,6,0,1
45,0,37,53,131,212,45,47,53,1,1,0,53,1,11,0,0,1,0,0,1,1,0,0,0,0,2,0,0,1,0,1,1,0,0,3,0,2,0,0
3,1024,9,6,109,8,28,19,48,1,4,0,8,2,17,0,0,3,1,2,3,1,0,1,0,1,1,0,0,2,0,0,0,0,1,1,0,0,0,0
0,0,3,9,41555,279,0,11,161,0,0,0,9,1,8,6,2,1,3,0,1,1,1,0,6,0,3,0,6,2,7,0,0,6,1,4,2,0,0,0
0,0,1,0,40750,31,0,0,24,0,0,0,0,1,0,0,0,1,5,0,2,1,0,0,0,0,2,0,0,1,0,1,2,0,0,1,3,1,0,0
0,3,200,11,982,0,0,11,11,0,0,0,11,0,7,0,0,3,2,0,1,1,0,0,0,0,4,0,0,1,0,0,2,0,0,1,0,2,0,0
0,2,0,9,3061,78,4,3,69,0,1,0,9,1,1,0,0,1,2,0,1,1,0,0,0,0,5,0,0,3,0,0,0,0,0,1,0,0,0,0
1,1,4,3,378,12,27,28,765,1,14,0,10,1,0,0,0,1,2,0,1,1,0,0,0,0,7,0,0,4,0,1,1,0,0,2,0,10,0,1
0,2,14,24,2142,28,9,25,26,0,3,0,24,3,0,0,0,3,3,0,1,1,0,0,0,0,2,0,0,1,0,1,2,0,0,6,0,7,0,0
0,21,20,15,24511,75,12,44,62,0,1,0,15,1,13,0,0,0,1,1,3,1,0,1,0,1,1,0,0,6,11,0,3,0,1,1,0,9,0,0
0,0,39,15,4402,79,38,15,505,0,5,0,16,2,12,0,0,1,1,0,5,1,0,0,0,0,1,0,0,1,10,0,3,0,0,2,0,6,0,0
0,159,8,10,5784,39,6,10,38,0,1,0,10,5,0,0,0,2,2,0,0,1,0,0,0,0,0,0,0,1,0,0,0,0,1,2,0,0,0,0
0,2,14,0,37566,160,1,0,158,0,0,0,0,2,0,0,0,1,5,0,1,1,1,0,0,0,4,0,0,2,0,1,3,0,0,1,0,1,0,0
3,65,2,1,175,1,5,10,24,2,3,0,1,7,0,0,0,1,2,0,3,1,0,0,0,0,2,0,0,1,0,1,2,0,0,1,3,1,0,1
7,-1,0,0,394,11,125,11,178,1,12,0,0,2,3,0,0,1,1,0,1,1,0,0,0,0,2,0,0,4,5,1,3,0,0,1,0,1,0,0
0,1,1,4,14577,0,0,15,430,0,0,0,4,1,8,2,2,1,2,0,1,1,1,0,2,0,1,0,2,5,7,0,0,2,0,1,2,0,0,0
0,1,100,5,18767,372,2,5,28,0,1,0,5,1,12,0,0,1,1,0,1,1,0,0,0,0,2,0,0,2,10,2,3,0,0,1,4,6,1,0
0,9,10,12,1484,44,4,47,108,0,1,0,12,1,0,0,0,1,0,0,1,1,1,0,0,0,3,0,0,1,0,1,2,0,0,5,0,0,0,0
0,0,1,0,8694,61,1,1,34,0,1,0,0,1,2,0,0,1,2,0,1,1,0,0,0,0,0,0,0,3,1,0,1,0,0,1,0,0,0,0
0,1,2,51,1474,0,0,49,106,0,0,0,51,2,8,4,1,1,1,0,0,1,1,0,4,0,2,0,4,5,0,0,0,5,0,4,1,0,0,0
2,231,0,9,149,174,8,16,148,1,4,0,14,2,4,6,2,1,1,0,1,1,0,0,6,0,6,0,6,1,4,0,0,6,0,8,2,0,0,0
1,5,90,21,283,32,1,33,32,1,1,0,21,3,19,0,0,1,0,0,1,1,0,0,0,0,7,0,0,3,0,0,3,0,0,2,0,8,0,0
0,204,47,10,100,0,0,46,46,0,0,0,46,2,1,0,0,2,5,0,1,1,0,0,0,0,1,0,0,7,0,0,0,0,0,1,0,0,0,1
0,173,7,12,3133,40,27,29,202,0,9,0,12,4,0,0,0,2,2,0,1,1,0,0,0,0,3,0,0,1,0,0,0,0,0,3,0,0,0,0
0,1,33,14,1765,215,17,18,102,0,2,0,14,9,3,0,0,1,1,0,2,1,0,4,0,5,1,0,0,1,5,1,2,0,0,2,0,1,0,0
0,99,4,10,480,0,0,21,21,0,0,0,10,4,1,0,0,1,2,0,5,1,0,0,0,0,1,0,0,7,0,0,0,0,0,2,0,0,0,1
0,-1,0,0,10507,33,8,3,59,0,1,0,0,2,0,0,0,3,5,0,3,1,0,0,0,0,2,0,0,1,0,0,0,0,0,1,0,0,0,0
1,614,0,4,33,4,1,0,4,1,1,0,3,1,0,0,0,2,1,0,7,1,1,0,0,0,3,0,0,3,0,1,1,0,0,1,0,1,0,0
0,0,153,0,1146,39,64,0,308,0,4,0,0,1,3,0,0,2,1,0,1,1,0,0,0,0,2,0,0,8,0,1,1,0,1,1,3,1,0,0
0,67,3,12,1470,52,14,6,72,0,1,0,12,3,0,0,0,1,3,0,1,1,0,0,0,0,1,0,0,1,0,0,0,0,0,1,5,0,0,0
0,64,37,20,2930,124,20,33,349,0,6,0,31,2,0,0,0,0,1,0,1,1,1,0,0,0,1,0,0,6,0,1,2,0,0,2,0,4,0,0
0,12,490,0,3513,95,17,2,4,0,2,0,2,1,6,0,0,1,1,0,1,1,0,0,0,0,2,0,0,1,3,0,1,0,0,3,0,8,0,0
0,1290,7,4,13020,0,0,7,770,0,0,0,10,3,1,0,0,1,0,0,4,1,0,0,0,0,2,0,0,7,0,0,0,0,0,1,0,0,0,1
6,3472,3,0,1339,96,83,36,450,0,17,0,0,2,1,0,0,1,1,0,5,1,0,0,0,0,6,0,0,7,0,0,0,0,0,3,0,0,0,0
0,0,0,4,3311,127,25,16,509,0,7,0,4,2,0,0,4,1,2,0,0,1,0,0,0,0,3,0,0,1,0,0,0,0,0,1,5,0,0,0
0,31,10,1,22423,2186,5,2,636,0,2,0,2,3,0,4,1,3,1,0,3,1,0,0,4,0,1,0,4,2,0,0,0,5,0,1,1,0,0,0
0,1,2,0,468,0,0,4,2,0,0,0,0,3,20,4,1,5,2,0,1,1,0,0,4,0,1,0,4,7,0,0,0,5,0,5,1,0,0,0
0,2,0,10,7534,12,18,3,42,0,3,0,11,2,0,0,0,1,1,0,0,1,0,0,0,0,2,0,0,1,0,1,1,0,0,1,3,4,0,0
0,0,0,0,75496,87,0,0,27,0,0,0,0,4,13,0,0,1,2,0,1,2,0,1,0,1,1,0,0,5,11,1,1,0,0,1,4,1,0,0
0,18,12,14,5700,35,6,14,101,0,2,0,14,1,0,0,0,3,1,0,1,1,1,0,0,0,2,0,0,1,0,0,0,0,0,2,0,0,0,1
0,0,17,24,6053,0,0,32,44,0,0,0,24,2,0,0,0,1,1,0,2,1,1,0,0,0,2,0,0,5,0,1,3,0,1,3,0,0,0,0
0,1,9,0,4674,13,3,0,4,0,1,0,0,0,0,0,0,2,1,0,1,1,0,0,0,0,2,0,0,7,0,1,3,0,0,1,0,5,0,0
2,0,30,5,14,3,2,5,5,1,1,0,3,1,2,0,0,2,1,0,1,1,0,0,0,0,1,3,0,2,1,0,1,0,0,2,0,0,0,0
0,18,0,0,0,0,0,0,0,0,0,0,0,5,0,0,0,1,1,0,1,2,1,0,0,0,1,0,0,9,0,0,0,0,0,4,0,0,0,0
0,0,1,0,75496,87,0,0,27,0,0,0,0,1,13,0,0,1,2,0,4,2,0,1,0,1,3,0,0,5,11,1,1,0,0,1,4,1,0,0
0,71,1,7,2905,45,3,7,28,0,1,0,7,1,0,0,0,1,0,0,1,1,1,0,0,0,7,0,0,1,0,0,1,0,0,1,0,3,0,0
7,1,0,0,149,27,12,0,0,2,3,0,0,2,1,0,0,3,1,0,1,1,0,0,0,0,3,0,0,8,0,0,0,0,0,3,0,0,0,0
0,0,3,0,39680,0,0,1,63,0,0,0,0,1,15,0,0,1,2,0,1,1,0,0,0,0,1,0,0,3,0,0,0,0,1,1,7,0,0,0
0,1,5,5,12058,16,2,4,15,0,1,0,5,2,3,0,0,1,1,0,2,1,0,0,0,0,3,0,0,4,0,1,1,0,1,1,3,1,0,0
0,2,15,11,42192,0,0,15,12,0,0,0,12,2,0,0,0,1,1,0,1,1,0,0,0,0,6,0,0,1,0,0,0,0,1,1,0,0,0,0
3,-1,9,8,472,8,5,20,112,1,2,0,8,1,0,0,0,0,1,0,3,1,0,0,0,0,2,0,0,1,0,0,3,0,2,2,0,0,0,1
0,13,2,3,7912,325,9,6,94,0,3,0,3,8,1,0,0,1,1,0,1,1,1,0,0,0,3,0,0,1,0,0,0,0,0,2,0,0,0,0
0,15,47,14,7444,0,0,13,5,0,0,0,14,5,3,0,0,3,3,0,1,1,0,4,0,5,2,0,0,1,5,1,2,0,2,2,0,1,0,0
0,94,1,0,39070,0,0,1,18,0,0,0,0,2,0,2,2,5,2,0,1,1,1,0,2,0,1,0,2,5,0,1,2,2,1,4,2,1,0,0
0,1,4,2,1965,8,27,8,183,0,8,0,2,1,6,0,0,1,5,0,1,1,0,3,0,4,2,0,0,1,3,0,1,0,0,1,0,3,0,1
0,1027,8,0,193838,0,0,0,18,0,0,0,0,5,0,0,0,1,1,0,7,2,0,0,0,0,2,0,0,8,0,2,1,0,0,3,0,10,0,0
0,2,0,1,1972,0,0,1,14,0,0,0,1,1,1,0,0,1,3,0,5,1,0,0,0,0,5,0,0,1,0,0,0,0,2,7,0,0,0,0
0,0,5,4,4576,139,1,18,113,0,1,1,6,2,8,2,2,6,1,0,1,1,0,0,2,0,1,0,2,4,7,0,0,2,0,1,2,0,0,0
0,0,19,16,1427,332,0,18,19,0,0,0,16,1,21,0,0,3,1,0,1,1,2,0,0,0,2,0,0,1,0,0,1,0,0,1,0,4,0,0
0,17,8,27,30166,0,0,26,11,0,0,0,27,1,4,2,2,2,4,0,2,1,0,0,2,0,2,0,2,2,4,0,0,2,0,3,2,0,0,0
0,2,0,0,36144,0,0,36,0,0,0,0,0,1,4,3,2,2,1,0,1,1,0,0,3,0,1,0,3,1,8,0,0,3,0,3,2,0,0,0
0,55,3,5,1283,88,9,4,294,0,4,0,19,1,0,0,5,1,1,0,1,1,0,0,0,0,2,0,0,1,0,2,1,0,0,3,6,1,2,0
0,324,6,5,6120,0,0,13,6,0,0,0,14,5,0,0,0,1,1,0,1,1,1,0,0,0,2,0,0,2,0,0,0,0,0,4,0,0,0,0
2,334,0,0,80,0,6,0,23,1,5,0,0,1,1,0,0,2,1,0,1,1,0,0,0,0,0,0,0,8,0,0,0,0,2,6,3,0,0,0
0,921,1,3,1620,9,4,4,7,0,1,0,3,2,18,0,0,1,2,0,1,1,0,0,0,0,3,0,0,1,0,0,0,0,0,1,0,0,0,0
0,0,1,0,11855,11,8,1,13,0,2,0,0,0,0,0,0,2,2,0,2,1,1,0,0,0,1,0,0,2,0,0,0,0,1,0,0,0,0,0
0,0,784,1,74278,437,0,7,13,0,0,0,13,2,6,0,0,1,1,0,2,2,0,0,0,0,1,0,0,1,3,0,1,0,0,7,0,1,0,0
0,0,5,4,13050,0,0,5,4,0,0,0,4,1,0,0,0,1,0,0,1,1,0,0,0,0,2,0,0,2,0,0,0,0,0,1,3,0,0,0
0,2,2,4,1787,19,5,7,75,0,2,0,4,1,0,0,0,1,1,0,1,1,0,0,0,0,2,0,0,1,0,0,0,0,0,1,0,0,0,0
0,0,4,2,534533,0,0,2,2,0,0,0,2,1,19,0,0,1,1,0,2,2,0,0,0,0,1,0,0,1,0,2,1,0,0,5,0,8,0,0
0,-1,0,0,0,0,0,8,20,0,0,0,0,0,5,1,1,2,3,0,1,2,1,0,1,0,4,1,1,9,2,0,0,1,1,6,1,0,0,0
0,0,35,34,2947,0,0,38,73,0,0,0,34,1,4,6,2,1,1,0,2,1,0,0,6,0,2,0,6,2,4,0,0,6,2,1,2,0,0,0
0,94,3,0,2923,5,3,0,0,0,1,0,0,1,1,0,0,1,3,0,2,1,1,0,0,0,2,0,0,1,0,0,0,0,2,2,0,0,0,0
0,-1,0,0,1671,2,1,0,2,0,1,0,0,3,0,0,0,1,1,0,1,1,1,0,0,0,2,0,0,4,0,0,0,0,1,2,0,0,0,1
0,1,20,16,7248,47,2,21,47,0,1,0,16,6,16,0,0,1,1,0,3,1,0,0,0,0,2,0,0,2,13,0,1,0,0,2,4,0,1,0
0,16,3,32,1617,149,29,22,1289,0,8,0,78,0,1,0,0,1,1,0,1,1,0,0,0,0,1,0,0,1,0,0,0,0,0,1,0,0,0,0
0,43,2,2,10,0,0,2,14,0,0,0,2,1,0,0,0,2,1,0,3,1,0,0,0,0,1,0,0,1,0,0,0,0,0,2,0,0,0,0
0,1,2,0,6380,0,0,4,15,0,0,0,0,1,6,0,0,1,5,0,5,1,0,0,0,0,0,0,0,7,3,0,3,0,0,1,0,1,0,0
1,100,2,2,262,42,32,45,963,1,7,0,22,2,0,0,0,0,1,0,3,1,0,0,0,0,1,0,0,1,0,1,2,0,0,3,0,2,0,0
0,2375,45,0,11482,535,5,28,368,0,2,0,25,2,5,1,1,1,1,0,4,1,1,0,1,0,5,0,1,1,0,0,0,1,0,3,1,0,0,0
0,38,21,3,1906,103,6,22,37,0,2,0,3,4,1,0,0,1,1,0,1,1,0,0,0,0,1,0,0,3,0,0,0,0,1,1,0,0,0,0
0,0,4,0,0,0,0,0,0,0,0,0,2,2,0,0,0,1,3,0,2,2,1,0,0,0,1,0,0,9,0,0,0,0,0,1,0,0,0,0
18,25,44,12,329,228,57,13,279,1,8,0,12,1,0,0,0,1,1,0,1,1,0,0,0,0,1,0,0,4,0,0,0,0,0,5,0,0,0,0
0,2,25,0,2986,58,4,8,16,0,1,0,6,3,0,0,0,1,1,0,1,1,0,0,0,0,3,0,0,6,0,1,1,0,0,1,4,1,1,1
0,1,2,1,2995,0,0,1,5,0,0,0,1,2,0,0,0,1,0,0,1,1,1,0,0,0,1,0,0,5,0,1,1,0,0,5,0,5,0,0
0,3,2,26,12025,0,0,44,26,0,0,0,26,0,4,3,2,1,1,0,7,1,0,0,3,3,2,0,3,1,8,0,0,3,0,1,2,0,0,0
1,5,6,3,2,3,1,3,3,1,1,0,3,2,10,0,0,1,1,0,0,1,0,0,0,0,6,0,0,3,0,1,2,0,0,2,0,2,0,0
0,-1,0,0,0,0,0,0,0,0,0,0,0,4,4,6,2,2,4,0,0,2,1,0,6,0,1,4,6,9,4,0,0,6,0,4,2,0,0,0
0,-1,63,40,1470,61,4,37,46,0,1,0,40,2,11,0,0,1,0,0,2,1,0,0,0,0,1,0,0,1,0,1,3,0,0,1,0,2,0,0
0,53,33,2,3900,90,11,8,187,0,4,0,2,6,21,0,0,1,0,0,1,1,1,0,0,0,1,0,0,1,0,0,3,0,0,1,0,4,0,0
0,1266,5,0,21585,1010,3,3,198,0,1,0,2,1,0,0,0,1,2,0,1,1,0,0,0,0,1,0,0,2,0,0,0,0,0,2,5,0,0,0
5,3,64,10,0,0,5,9,10,1,1,0,0,4,0,0,0,1,1,0,1,1,0,0,0,0,1,0,0,1,0,1,2,0,0,1,0,5,0,0
0,1,8,4,1504,31,18,14,645,0,4,0,4,2,21,0,0,1,1,0,1,1,1,0,0,0,3,0,0,1,0,0,1,0,0,5,0,4,0,0
0,650,0,0,1926,0,0,11,21,0,0,0,0,0,5,1,1,1,1,0,1,1,0,4,1,5,4,1,1,1,2,0,0,1,0,6,1,0,0,0
0,119,0,1,7159,4,10,1,39,0,1,0,1,1,1,0,0,4,0,0,1,1,0,0,0,0,2,0,0,1,0,0,0,0,0,1,0,0,0,1
3,2711,17,0,4,0,3,0,0,1,1,0,0,1,1,0,0,1,1,0,1,1,0,0,0,0,1,0,0,2,0,0,0,0,0,1,0,0,0,0
0,305,1,1,1974,132,9,29,137,0,4,0,1,1,0,0,5,1,1,0,2,1,0,0,0,0,2,0,0,1,0,2,3,0,0,3,6,5,2,0
0,-1,76,3,14459,400,2,11,345,0,2,0,3,2,0,0,0,1,1,0,2,1,0,0,0,0,2,0,0,2,0,1,2,0,1,7,0,0,0,1
10,1,11,14,133,16,12,18,244,1,2,0,16,3,0,0,0,1,6,0,0,1,0,3,0,4,1,0,0,1,0,1,2,0,0,1,0,3,0,0
0,12,5,0,0,0,0,0,0,0,0,0,0,1,0,0,5,3,3,0,1,2,1,0,0,0,2,0,0,9,0,0,1,0,0,1,6,2,2,0
0,5,78,1,20132,0,0,5,0,0,0,0,4,1,12,0,0,1,1,0,1,1,0,0,0,0,1,0,0,2,10,0,3,0,0,5,0,6,0,0
0,3,1,0,27540,14,2,1,4,0,1,0,0,1,10,0,0,1,5,0,1,1,0,0,0,0,2,0,0,2,0,1,3,0,0,1,0,2,0,0
1,0,7,3,671,48,2,32,32,1,2,0,3,0,11,0,0,1,2,0,4,1,0,0,0,0,2,0,0,1,0,1,1,0,0,4,0,2,0,0
0,48,0,12,1401,105,5,1,478,0,2,0,54,1,0,0,0,1,3,0,1,1,0,0,0,0,1,0,0,4,0,0,0,0,0,1,0,0,0,0
0,149,1,15,270,0,0,7,46,0,0,0,15,2,1,0,0,1,1,0,3,1,0,0,0,0,1,0,0,4,0,0,0,0,2,1,0,0,0,0
0,0,6,2,17964,0,0,2,0,0,0,0,2,1,5,1,1,5,3,0,2,1,0,0,1,0,4,1,1,3,2,0,0,1,0,2,1,0,0,0
0,2,1,1,3047,0,0,1,43,0,0,0,1,2,0,0,0,1,1,0,1,1,1,0,0,0,2,0,0,5,0,0,0,0,0,4,0,0,0,0
0,6,0,1,36606,0,0,8,6,0,0,0,1,1,18,0,0,1,4,0,2,1,0,0,0,0,3,0,0,1,0,0,0,0,0,1,0,0,0,0
0,-1,11,7,7188,42,2,13,41,0,1,0,7,2,2,0,0,1,0,0,1,1,1,0,0,0,3,0,0,3,1,0,1,0,0,1,3,1,0,0
0,0,2,5,1847,227,2,45,197,0,1,0,48,1,0,3,2,1,1,0,1,1,1,0,3,0,1,0,3,2,0,0,0,3,0,2,2,0,0,0
0,7,11,7,7188,42,2,13,41,0,1,0,7,3,2,0,0,1,0,0,1,1,1,0,0,0,1,3,0,3,1,0,3,0,0,1,3,1,0,0
0,1,1,0,0,0,0,1,61,0,0,0,0,1,1,0,0,1,1,0,2,2,1,0,0,0,1,0,0,9,0,0,0,0,0,4,0,0,0,0
0,1,4,1,4870,19,13,7,75,0,6,0,1,0,1,0,0,1,2,0,2,1,0,0,0,0,2,0,0,1,0,0,0,0,0,1,0,0,0,1
0,99,0,0,2986,6,9,0,33,0,2,0,0,2,0,0,0,1,3,0,1,1,0,0,0,0,2,0,0,1,0,0,0,0,2,2,0,0,0,1
0,1,3,0,25931,0,0,19,20,0,0,0,0,4,0,0,0,1,2,0,4,1,1,0,0,0,2,0,0,1,0,1,2,0,0,1,0,7,0,0
3,2,14,10,12,8,16,11,43,2,11,0,8,0,2,0,0,1,4,0,4,1,0,0,0,0,1,0,0,4,0,0,2,0,0,1,0,1,0,0
0,0,10,27,12284,181,2,37,144,0,2,0,27,2,8,3,2,1,2,0,2,1,0,0,3,0,1,0,3,2,7,0,0,3,0,0,2,0,0,0
1,1,37,8,339,38,1,8,10,1,1,1,10,6,14,0,0,1,2,0,6,1,1,0,0,0,1,0,0,4,0,1,2,0,0,1,0,3,0,0
0,1,2,0,4367,127,7,17,86,0,1,0,0,1,4,2,2,2,3,0,1,1,0,0,2,0,1,4,2,1,4,0,0,2,0,1,2,0,0,0
0,2,1,6,5594,124,7,30,129,0,2,0,6,9,3,0,0,1,3,0,0,1,0,0,0,0,2,0,0,1,5,1,1,0,0,1,0,1,0,0
0,7,1,3,1959,71,5,11,39,0,2,0,3,1,0,0,5,1,2,0,1,1,0,0,0,0,2,0,0,1,0,2,1,0,0,3,6,5,2,0
1,3,0,6,624,9,1,8,8,1,1,0,6,1,1,0,0,1,3,0,2,1,1,0,0,0,3,0,0,3,0,0,0,0,0,5,0,0,0,0
3,1128,5,1,31,1,11,3,3,2,6,0,1,1,0,0,0,1,3,0,1,1,0,0,0,0,2,0,0,1,0,1,2,0,0,2,1,1,0,0
1,0,36,4,2,4,1,1,4,1,1,0,4,1,0,0,0,5,2,0,1,1,1,0,0,0,2,0,0,2,0,0,2,0,0,1,0,2,0,1
0,62,19,4,5076,28,2,6,43,0,2,0,4,2,6,0,0,1,2,0,4,1,0,3,0,4,3,0,0,2,0,0,2,0,0,1,0,3,0,0
0,4,11,4,33111,22,0,4,6,0,0,0,4,1,2,0,0,1,0,0,1,1,1,0,0,0,3,0,0,5,1,1,1,0,0,1,0,1,0,0
0,0,3,2,7607,0,0,3,10,0,0,0,2,1,0,0,0,4,1,0,7,1,1,0,0,0,1,0,0,5,0,0,0,0,0,4,0,0,0,0
0,36,9,0,4468,0,0,1,47,0,0,0,0,1,2,0,0,1,2,0,1,1,1,0,0,0,2,2,0,2,1,0,3,0,0,1,0,1,0,0
0,4,12,4,34414,0,0,4,29,0,0,0,4,4,3,0,0,1,1,0,1,1,1,0,0,0,2,0,0,5,5,1,3,0,0,4,3,1,0,0
33,946,6,2,449,31,33,32,32,1,1,0,3,1,0,0,0,1,1,0,2,1,0,0,0,0,2,0,0,1,0,1,3,0,0,3,4,6,1,0
0,151,1,4,2443,20,6,15,58,0,1,6,14,6,1,0,0,2,3,0,1,1,1,0,0,0,7,0,0,6,0,0,0,0,0,2,0,0,0,1
1,-1,33,6,5,6,3,5,9,1,2,0,6,1,0,0,0,1,5,0,2,1,1,0,0,0,2,0,0,8,0,1,1,0,0,1,0,5,0,1
0,2,6,20,2962,192,9,22,138,0,1,0,25,1,0,4,1,4,1,0,1,1,0,0,4,0,2,0,4,2,0,0,0,5,0,1,1,0,0,0
0,0,84,10,1612,39,8,12,39,0,1,0,24,1,12,0,0,1,1,0,1,1,0,0,0,0,2,0,0,1,10,0,3,0,0,7,0,6,0,1
0,0,115,27,2934,59,1,30,53,0,1,0,27,1,6,0,0,3,2,0,1,1,0,0,0,0,3,0,0,3,3,1,3,0,0,6,0,3,0,0
1,1,7,18,800,72,14,31,357,1,6,0,18,2,0,0,4,1,3,0,1,1,0,0,0,0,1,0,0,8,0,0,0,0,0,1,5,0,0,0
3,1,5,6,0,0,25,7,10,1,2,0,0,1,8,3,2,1,1,0,1,1,0,0,3,0,3,0,3,6,7,0,0,3,0,1,2,0,0,1
0,7,8,5,105111,0,0,8,57,0,0,0,5,2,2,0,0,3,1,0,0,2,0,0,0,0,2,2,0,3,1,1,2,0,0,2,4,1,1,0
0,29,9,4,8678,145,1,9,38,0,1,0,4,0,0,0,0,1,0,0,1,1,0,0,0,0,2,0,0,3,0,1,3,0,0,1,0,2,0,0
0,0,5,2,25806,0,0,2,2,0,0,0,2,1,1,0,0,6,1,0,1,1,1,0,0,0,3,0,0,1,0,0,0,0,0,3,0,0,0,0
1,0,133,0,495,63,1,27,28,1,1,2,28,2,0,0,0,1,3,0,1,1,0,0,0,0,2,0,0,8,0,1,2,0,1,2,3,1,0,0
0,-1,0,0,10416,67,9,0,70,0,2,0,0,6,0,0,0,1,1,0,0,1,0,0,0,0,1,0,0,1,0,0,0,0,0,1,0,0,0,1
0,-1,0,0,17375,0,0,0,0,0,0,0,0,2,0,0,0,1,0,0,1,1,1,0,0,0,1,0,0,5,0,1,1,0,0,1,0,1,0,0
0,1,17,17,20406,151,68,17,254,0,5,0,17,1,0,0,0,1,4,0,1,1,0,0,0,0,3,0,0,4,0,0,0,0,0,3,0,0,0,0
0,0,13,2,24544,0,0,2,2,0,0,0,2,1,8,2,2,1,1,0,1,1,1,0,2,0,1,0,2,3,0,0,0,2,0,1,2,0,0,0
0,150,5,9,6321,17,10,11,16,0,1,0,9,3,0,2,2,2,2,0,1,1,1,0,2,0,2,0,2,1,0,1,2,2,0,1,2,3,0,1
0,5,0,0,6253,84,2,20,71,0,1,0,0,1,0,0,0,1,0,0,1,1,1,0,0,0,1,0,0,2,0,0,0,0,0,1,0,0,0,0
0,-1,0,0,18336,27,1,1,25,0,1,0,0,1,0,6,2,1,1,0,2,1,1,0,6,0,1,0,6,3,0,1,3,6,0,1,2,4,0,0
0,1453,8,3,7106,158,2,13,123,0,1,0,13,1,12,0,0,1,2,0,1,1,0,0,0,0,1,0,0,1,10,0,3,0,0,2,4,6,1,0
2,0,3,1,358,7,32,26,228,2,12,0,1,3,0,0,0,1,3,0,1,1,0,0,0,0,7,0,0,1,0,1,1,0,2,1,0,7,0,1
7,1,364,4,21,30,14,47,57,1,2,0,3,1,3,0,4,1,3,0,4,1,1,0,0,0,3,0,0,1,6,1,2,0,0,2,5,1,4,0
0,9,1,6,4327,247,3,14,94,0,1,0,6,3,4,2,2,1,2,0,1,1,0,0,2,0,1,4,2,2,4,0,0,2,1,1,2,0,0,0
12,0,74,19,34,19,38,18,279,1,5,0,19,2,0,0,0,1,2,0,1,1,0,0,0,0,2,0,0,8,0,1,2,0,0,1,0,1,0,0
1,45,32,14,4,14,1,23,14,1,1,0,1,3,10,0,0,1,1,0,1,1,0,0,0,0,1,0,0,3,0,1,2,0,0,1,0,2,0,0
0,26,128,7,0,191,2,15,110,0,1,0,2,0,10,0,0,1,1,0,1,1,0,0,0,0,2,0,0,2,0,1,2,0,1,2,0,2,0,0
0,271,1,1,0,0,0,3,21,0,0,0,1,0,1,0,0,1,2,0,1,2,1,0,0,0,2,0,0,9,0,0,0,0,0,1,5,0,0,0
0,-1,0,0,8521,64,32,0,138,0,9,0,0,3,1,0,0,1,1,0,1,1,0,0,0,0,2,0,0,1,0,0,0,0,0,3,0,0,0,1
0,365,24,46,43,181,52,33,343,0,6,0,39,1,0,0,0,1,4,0,1,1,0,0,0,0,6,0,0,4,0,0,3,0,0,3,0,5,0,1
0,0,23,18,1573,75,3,18,65,0,1,0,18,1,16,0,0,1,4,0,1,1,0,0,0,0,2,0,0,2,13,2,1,0,0,2,0,0,0,0
0,0,92,6,893008,0,0,7,90,0,0,0,6,1,3,0,3,1,2,0,1,2,0,0,0,0,2,0,0,1,6,1,3,0,0,1,3,1,4,0
0,1,1,0,38940,151,1,3,78,0,0,0,0,1,6,0,0,1,2,0,1,1,0,0,0,0,3,0,0,2,3,0,1,0,0,1,4,3,1,0
3,32,0,10,46,8,4,7,26,1,2,0,8,3,3,0,0,1,1,0,1,1,1,0,0,0,2,0,0,2,0,1,3,0,0,1,3,1,0,0
3,82,36,6,0,0,69,19,464,1,12,0,0,1,2,0,0,2,4,0,1,1,0,4,0,5,6,0,0,1,1,1,2,0,0,2,4,1,0,0
0,64,6,1,25950,0,0,1,1,0,0,0,1,1,0,0,0,1,1,0,1,2,0,0,0,0,2,0,0,2,0,0,2,0,1,2,0,2,0,0
0,0,8,13,1650,0,0,5,13,0,0,0,13,4,2,0,0,1,0,0,3,1,0,0,0,0,1,3,0,1,1,1,2,0,0,1,3,1,0,0
4,0,139,14,23,21,4,12,14,1,1,0,14,5,3,0,3,1,0,0,1,1,0,0,0,0,3,0,0,2,6,1,2,0,0,1,3,1,4,0
0,25,5,2,10036,0,0,21,0,0,0,0,2,5,15,0,0,2,1,0,1,1,1,0,0,0,1,0,0,2,0,0,0,0,0,1,7,0,0,0
0,60,1,1,145,74,4,1,43,0,3,0,1,1,0,0,0,1,3,0,1,1,0,2,0,2,1,0,0,1,0,0,0,0,0,1,0,0,0,0
0,-1,0,0,76921,0,0,0,4,0,0,0,0,2,1,0,0,2,1,0,1,2,0,0,0,0,1,0,0,1,0,0,0,0,0,2,0,0,0,0
0,58,4,2,3068,11,29,3,240,0,4,2,2,1,2,0,0,1,0,0,3,1,0,0,0,0,2,0,0,8,0,0,3,0,0,1,0,1,0,1
1,19,20,11,391,27,31,23,340,1,6,0,11,1,2,5,3,1,1,0,1,1,0,0,5,0,4,0,5,1,12,3,2,4,0,1,3,1,3,0
0,0,2,13,2904,104,1,3,100,0,1,0,13,0,21,0,0,3,2,0,3,1,2,0,0,0,0,0,0,1,0,0,1,0,1,1,4,4,1,0
0,71,0,0,11796,830,2,33,205,0,1,0,0,1,0,0,0,1,1,0,2,1,0,0,0,0,3,0,0,1,0,0,0,0,0,3,0,0,0,0
0,71,0,2,5011,3,33,2,50,0,8,0,2,1,0,0,0,4,2,0,2,1,0,0,0,0,5,0,0,1,0,0,0,0,0,3,0,0,0,1
68,0,81,23,56,40,282,48,469,1,7,1,23,4,0,0,0,1,1,0,2,1,0,0,0,0,2,0,0,8,0,1,1,0,0,7,0,1,0,0
0,577,0,8,1920,214,78,35,922,0,13,1,8,5,2,0,0,2,1,0,1,1,0,0,0,0,1,3,0,4,1,0,3,0,0,1,0,1,0,0
0,1,16,4,0,0,0,4,4,0,0,0,4,1,0,0,0,3,1,0,2,2,1,0,0,0,2,0,0,9,0,1,1,0,0,4,0,10,0,0
0,57,3,4,25466,22,7,4,22,0,1,0,4,1,15,0,0,1,0,0,1,1,0,0,0,0,2,0,0,1,0,0,0,0,0,1,7,0,0,0
0,252,4,0,1324,0,0,27,12,0,0,0,9,1,5,1,1,1,4,0,2,1,0,0,1,0,4,1,1,1,2,0,0,1,0,2,1,0,0,0
0,3,2,1,7283,0,0,2,143,0,0,0,1,1,2,0,0,1,2,0,3,1,0,0,0,0,5,0,0,4,1,0,1,0,0,2,0,0,0,0
0,0,1,2,1323,119,24,13,176,0,5,1,2,2,1,0,0,5,1,0,1,1,1,0,0,0,3,0,0,4,0,0,0,0,1,2,0,0,0,0
0,34,3,4,0,0,0,4,14,0,0,0,4,1,0,0,0,1,3,0,1,2,1,0,0,3,6,0,0,9,0,0,0,0,2,5,0,0,0,1
0,2,51,7,1673,201,1,6,131,0,1,0,8,2,0,0,0,4,0,0,1,1,0,3,0,4,3,0,0,1,0,0,1,0,0,1,0,3,0,0
0,0,67,14,28797,1342,1,33,69,0,1,0,14,2,13,0,0,1,0,2,1,1,1,1,0,1,2,0,0,5,11,0,1,0,0,1,0,2,0,0
9,28,0,16,329,172,210,35,5637,1,12,39,150,3,1,0,0,1,1,1,1,1,0,1,0,1,2,0,0,6,0,0,0,0,1,1,0,0,0,0
9,3,0,11,578,22,9,11,22,1,1,0,11,3,18,0,0,1,2,0,1,1,0,0,0,0,3,0,0,1,0,0,0,0,0,1,0,0,0,0
0,2,82,13,7958,88,17,13,21,0,7,0,13,0,3,0,4,1,3,0,2,1,0,0,0,0,3,0,0,6,6,1,2,0,1,5,5,1,4,0
0,1,5,1,235117,0,0,0,1,0,0,0,1,3,1,0,0,6,1,0,2,2,1,0,0,0,2,0,0,7,0,0,0,0,0,4,0,0,0,0
0,87,7,13,9083,13,27,12,13,0,3,0,13,0,14,0,0,2,5,0,1,1,0,0,0,0,2,0,0,1,0,1,2,0,0,1,0,3,0,1
11,47,5,6,57,6,24,10,12,1,2,0,6,1,11,0,0,1,2,0,1,1,0,0,0,0,2,0,0,1,0,1,1,0,0,1,0,2,0,0
0,-1,0,0,24842,109,21,10,19,0,2,0,0,6,0,0,0,2,1,0,8,1,1,0,0,0,3,0,0,1,0,0,0,0,0,0,0,0,0,0
0,1,31,14,13821,0,0,14,0,0,0,0,14,4,0,0,0,2,2,0,4,1,0,0,0,0,3,0,0,2,0,0,0,0,0,3,0,0,0,1
0,58,6,0,0,0,0,0,9,0,0,0,0,2,2,0,0,1,0,0,5,2,1,0,0,0,1,3,0,9,1,0,3,0,0,4,0,1,0,0
0,0,2,2,68381,0,0,3,4,0,0,0,2,3,3,0,3,2,2,0,2,2,0,0,0,0,4,0,0,1,6,1,2,0,0,6,3,1,4,0
0,65,9,9,38934,42,4,11,14,0,0,0,9,2,0,0,0,4,0,0,1,1,1,0,0,0,3,0,0,1,0,1,2,0,0,4,0,4,0,0
1,-1,1,5,2,5,1,1,5,1,1,0,5,1,1,0,0,1,1,0,1,1,0,0,0,0,3,0,0,3,0,0,0,0,1,8,0,0,0,1
0,1,1,2,16125,77,1,11,73,0,1,0,2,0,4,6,2,1,6,0,1,1,0,0,6,0,1,4,6,3,4,0,0,6,1,1,2,0,0,0
1,0,109,4,10,0,32,26,562,1,12,0,0,1,3,0,3,1,2,0,4,1,0,0,0,0,3,0,0,1,6,1,2,0,2,2,3,1,0,0
5,-1,0,0,383,11,5,4,4,1,1,0,0,3,9,0,0,1,0,0,2,1,0,0,0,0,5,0,0,1,0,0,0,0,0,1,0,0,0,0
0,1,3,5,23,0,0,4,5,0,0,0,5,1,0,0,0,1,1,0,2,1,1,0,0,0,2,0,0,1,0,0,0,0,1,4,0,0,0,0
15,5,1,0,328,0,0,25,0,1,0,0,2,1,1,0,0,2,1,0,3,1,0,0,0,0,1,0,0,1,0,0,0,0,0,5,0,0,0,1
0,2082,8,1,0,0,0,5,6,0,0,0,1,2,1,0,0,1,3,0,1,2,1,0,0,0,1,0,0,9,0,0,0,0,0,4,0,0,0,0
0,8,2,2,5783,0,0,7,2,0,0,0,2,3,2,0,0,1,0,0,1,1,0,0,0,0,1,3,0,1,1,1,1,0,0,1,0,1,0,0
0,1,18,13,4327,13,1,13,13,0,1,0,13,3,16,0,0,2,4,0,4,1,0,0,0,0,2,0,0,3,13,1,1,0,0,7,0,1,0,0
0,0,1,0,238983,0,0,1,3,0,0,0,1,2,0,0,0,1,1,0,1,2,1,0,0,0,2,0,0,7,0,0,0,0,0,4,0,0,0,0
0,1,8,4,4360,21,1,18,97,0,1,0,4,1,0,0,0,0,2,0,8,1,0,0,0,0,3,0,0,2,0,0,1,0,1,1,0,1,0,0
0,1,1,0,1604,2,13,2,6,0,2,0,0,1,0,0,0,1,0,0,1,1,0,0,0,0,2,0,0,1,0,1,1,0,0,1,0,1,0,0
0,25,70,12,16092,56,15,15,41,0,4,0,13,1,2,5,3,1,0,0,1,1,0,0,5,0,4,0,5,3,12,3,2,4,0,1,3,1,3,0
0,30,1,1,30227,8,3,6,9,0,1,0,1,0,1,0,0,1,3,0,2,2,0,0,0,0,1,0,0,1,0,0,0,0,0,2,0,0,0,1
0,6,2,25,3034,264,1,1,247,0,1,0,38,1,6,0,0,1,1,0,1,1,0,0,0,0,2,0,0,3,3,1,3,0,0,2,4,1,1,0
0,3,1,1,42481,0,0,10,1,0,0,0,1,4,18,0,0,2,1,0,6,1,0,0,0,0,3,0,0,1,0,0,0,0,0,1,0,0,0,0
0,1,0,0,6540,589,42,0,349,0,6,0,0,0,0,4,1,2,1,0,1,1,0,0,4,0,2,0,4,1,0,0,0,5,0,3,1,0,0,0
0,-1,0,0,1765,47,2,0,68,0,2,0,0,0,0,0,0,1,5,0,1,1,0,0,0,0,5,0,0,3,0,0,0,0,0,1,0,0,0,0
0,54,13,9,3411,75,3,21,113,0,2,0,9,2,2,0,0,1,2,0,1,1,0,0,0,0,1,3,0,4,1,1,1,0,0,1,4,1,0,0
0,155,1,1,7233,0,0,13,60,0,0,0,1,1,0,0,0,1,1,0,1,1,0,0,0,0,1,0,0,8,0,0,0,0,0,1,0,0,0,0
0,2369,0,5,1586,48,4,22,403,0,4,0,5,1,3,0,0,1,4,0,1,1,1,0,0,0,5,0,0,1,5,1,3,0,0,1,3,1,0,0
0,0,12,27,15065,150,12,41,107,0,1,0,27,1,0,3,2,1,1,0,1,1,0,0,3,0,2,0,3,1,0,0,0,3,2,1,2,0,0,0
0,3,23,0,4357,95,1,8,49,0,1,0,10,2,14,0,0,1,0,0,6,1,0,0,0,0,1,0,0,3,0,1,2,0,0,1,0,3,0,0
0,976,9,5,1450,0,0,6,6,0,0,0,6,3,7,0,0,0,5,0,1,1,0,0,0,0,2,0,0,7,0,1,3,0,0,1,7,2,0,0
0,6,0,0,7269,334,1,1,31,0,1,0,0,1,0,0,0,1,3,0,1,1,0,0,0,0,1,0,0,3,0,0,0,0,0,1,0,0,0,0
0,1,1,1,6147,0,0,10,11,0,0,0,1,1,20,4,1,2,1,0,1,1,0,0,4,0,2,0,4,1,0,0,0,5,0,6,1,0,0,0
0,0,7,4,1571,5,4,5,29,0,2,0,5,1,0,0,0,1,1,0,1,1,0,0,0,0,1,0,0,1,0,0,3,0,0,1,0,0,0,1
0,0,13,2,4281,343,2,10,69,0,2,0,8,1,8,2,2,1,1,0,1,1,1,0,2,0,2,0,2,2,0,0,0,2,0,2,2,0,0,0
0,36,30,2,0,0,0,2,2,0,0,0,2,5,3,0,0,1,6,0,1,2,1,0,0,0,1,0,0,9,5,1,3,0,0,4,0,1,0,0
0,-2,4,1,201,0,0,1,1,0,0,0,1,1,0,0,0,1,3,0,2,1,1,0,0,0,2,0,0,7,0,1,2,0,0,1,0,4,0,0
2,91,1,2,254,46,12,10,43,1,3,0,20,1,0,1,1,1,3,0,1,1,0,0,1,0,3,0,1,1,0,0,0,1,0,2,1,0,0,0
0,3118,0,0,5888,188,2,23,112,0,1,0,0,2,0,1,1,1,2,0,1,1,0,0,1,0,1,0,1,2,0,0,0,1,1,1,1,0,0,0
4,46,2,0,11,0,10,4,6,1,4,0,0,1,7,0,0,1,0,0,1,1,0,0,0,0,2,0,0,1,9,0,1,0,0,1,0,2,0,0
0,24,23,20,7,0,0,40,37,0,0,0,4,1,0,0,0,1,3,0,2,1,1,0,0,0,2,0,0,5,0,1,1,0,1,3,3,1,0,0
0,12,5,3,0,0,0,3,44,0,0,0,3,1,1,0,0,1,1,0,1,2,1,0,0,0,2,0,0,9,0,0,0,0,2,6,0,0,0,1
0,44,1,0,2710,0,0,1,39,0,0,0,1,6,0,0,0,1,1,0,4,1,1,0,0,0,1,0,0,5,0,0,0,0,0,5,0,0,0,1
0,0,2,5,3211,82,3,5,54,0,1,0,5,1,0,0,4,1,0,0,1,1,1,0,0,0,1,0,0,4,0,0,0,0,0,1,5,0,0,1
0,0,0,1,3346,368,3,42,97,0,2,0,43,4,4,3,2,1,2,0,1,1,0,2,3,2,1,0,3,1,8,0,0,3,0,1,2,0,0,0
0,13,11,12,4754,192,24,18,255,0,3,0,12,1,0,0,0,1,1,0,1,1,0,0,0,0,1,0,0,1,0,0,0,0,0,2,0,0,0,0
0,179,14,0,5221,347,2,9,129,0,1,0,9,3,0,0,0,3,3,0,1,1,1,0,0,0,1,0,0,2,0,0,0,0,0,1,5,0,0,0
45,0,16,5,24,5,51,5,276,1,3,1,5,8,6,0,0,3,2,0,2,1,0,0,0,0,3,0,0,4,3,1,1,0,2,1,4,3,0,0
0,3,0,0,2340,202,29,22,523,0,5,0,19,5,0,4,1,0,2,0,1,1,0,0,4,0,3,0,4,1,0,0,0,5,1,3,1,0,0,0
6,14,54,20,60,21,143,39,934,2,31,3,21,1,13,0,0,1,1,1,1,1,0,1,0,1,1,0,0,6,11,0,1,0,0,1,0,9,0,0
0,1,1,0,48317,58,0,6,27,0,0,0,0,2,0,0,0,1,1,0,1,2,0,0,0,0,2,0,0,2,0,1,2,0,0,2,0,4,0,0
1,1,0,7,70,8,2,9,400,1,2,0,8,1,3,0,0,1,1,0,3,1,1,0,0,0,2,0,0,2,0,1,3,0,0,1,3,1,0,0
1,0,1,0,227,1,173,18,50,1,7,1,0,0,19,0,0,1,6,0,1,1,0,0,0,0,1,0,0,4,0,0,3,0,0,5,0,8,0,1
0,5,10,0,128747,0,0,0,6,0,0,0,0,1,13,0,0,5,1,0,1,2,1,1,0,1,2,0,0,5,11,1,1,0,0,1,4,1,1,0
1,2,48,3,20,3,6,21,21,1,3,0,3,0,21,0,0,0,1,0,2,1,0,0,0,0,1,0,0,1,0,0,1,0,0,1,4,4,1,0
0,754,16,0,4845,507,29,2,115,0,9,0,1,3,0,0,0,1,3,0,1,1,2,0,0,0,1,0,0,8,0,0,3,0,0,1,0,1,0,0
1,-1,0,0,597,9,12,14,63,1,2,0,0,8,0,0,0,6,0,0,1,1,0,0,0,0,2,0,0,1,0,1,2,0,0,1,3,1,0,0
0,0,0,0,138676,0,0,4,123,0,0,0,0,0,1,0,0,1,1,0,1,2,1,0,0,0,1,0,0,5,0,0,0,0,0,4,0,0,0,0
0,21,2,2,13580,131,3,10,110,0,1,0,2,3,0,0,0,1,3,0,1,1,0,0,0,0,3,0,0,1,0,0,0,0,0,1,0,0,0,1
0,15,53,3,3581,49,1,14,117,0,1,0,13,1,0,0,0,1,1,0,1,1,1,0,0,0,3,0,0,1,0,1,2,0,0,2,0,4,0,0
2,2119,1,0,741,1,2,0,0,1,1,0,0,1,19,0,0,1,1,0,4,1,2,0,0,0,2,0,0,2,0,1,2,0,0,1,6,8,0,0
0,0,15,17,3863,74,10,18,63,0,1,0,17,1,1,0,0,0,1,0,1,1,1,0,0,0,1,0,0,1,0,0,0,0,0,0,0,0,0,0
7,1,4,4,1,5,12,23,92,2,5,10,4,1,0,0,0,1,0,0,0,1,1,0,0,0,2,0,0,6,0,0,0,0,0,1,0,0,0,1
0,0,1,1,1483,86,1,31,58,0,1,0,1,0,4,3,2,1,3,0,3,1,0,2,3,2,3,0,3,3,8,0,0,3,0,1,2,0,0,0
0,0,42,12,1516,107,2,15,16,0,1,0,16,2,11,0,0,2,0,0,1,1,0,0,0,0,1,0,0,2,0,1,3,0,0,4,0,2,0,0
1,1,108,49,46,32,5,49,201,1,3,0,26,1,0,0,0,4,0,0,3,1,0,0,0,0,1,0,0,1,0,1,2,0,0,1,0,5,0,0
1,3,2,2,59,2,8,12,352,1,5,0,2,5,3,0,0,1,1,0,8,1,0,0,0,0,2,0,0,1,5,1,1,0,2,2,3,1,0,0
0,28,3,5,2947,11,1,6,7,0,1,0,5,1,15,0,0,0,0,0,6,1,0,0,0,0,2,0,0,3,0,0,0,0,0,1,7,0,0,0
0,197,4,1,25,0,0,1,1,0,0,0,1,3,0,0,0,1,3,0,4,1,0,2,0,2,1,0,0,7,0,0,0,0,0,2,5,0,0,0
0,0,114,12,36047,560,7,14,196,0,0,0,12,2,0,0,0,1,1,0,1,1,0,0,0,0,3,0,0,1,0,1,2,0,0,1,0,3,0,0
0,2,7,26,5539,0,0,12,6,0,0,0,33,3,0,0,0,1,1,0,5,1,1,0,0,0,2,0,0,5,0,1,3,0,1,1,0,4,0,0
0,-1,5,0,7748,149,2,0,27,0,1,0,0,1,12,0,0,1,2,0,2,1,0,0,0,0,7,0,0,2,10,0,1,0,0,1,4,6,1,0
0,60,2,0,27285,0,0,21,0,0,0,0,2,7,0,1,1,1,1,0,1,1,0,0,1,0,3,0,1,3,0,0,0,1,0,3,1,0,0,0
1,874,0,0,329,44,1,38,44,1,1,0,38,2,0,3,2,1,1,0,1,1,0,0,3,0,1,0,3,3,0,1,3,3,2,2,2,5,0,0
0,1,5,8,5640,416,31,47,1016,0,13,4,8,2,9,0,0,3,1,0,1,1,1,0,0,0,1,0,0,6,0,0,0,0,0,2,0,0,0,0
1,-1,16,6,541,27,21,20,248,1,4,0,6,1,6,0,0,2,4,0,8,1,0,0,0,0,2,0,0,1,3,0,1,0,0,3,0,6,0,0
2,66,6,8,233,10,14,11,60,1,3,0,8,0,1,0,0,1,1,0,1,1,0,0,0,0,3,0,0,1,0,0,0,0,0,3,0,0,0,0
2,1,36,4,384,42,6,7,65,1,4,0,4,2,7,0,0,1,2,0,1,1,1,0,0,0,5,0,0,1,9,0,1,0,2,2,0,0,0,0
1,1,2,1,5,1,1,1,1,1,1,0,1,1,0,0,0,4,1,0,1,1,4,0,0,0,3,0,0,3,0,0,1,0,0,1,0,0,0,0
4,12,73,12,0,3,4,11,7,1,1,0,3,3,7,0,0,2,1,0,0,1,0,2,0,2,2,0,0,1,9,1,3,0,0,1,0,1,0,0
0,0,1,1,2412,18,2,12,12,0,1,0,1,1,6,0,0,1,2,0,2,1,0,0,0,0,1,0,0,2,3,1,3,0,0,5,0,8,0,0
0,1,15,20,6003,0,0,23,165,0,0,0,20,0,9,0,0,1,1,0,2,1,0,0,0,0,1,0,0,7,0,0,0,0,0,1,0,0,0,0
13,1,13,13,48,19,13,8,13,2,2,1,13,2,2,5,3,1,4,0,4,1,3,0,5,0,2,0,5,4,12,3,1,4,0,2,3,1,3,1
0,1,1,1,1692,101,1,9,10,0,1,0,1,8,14,0,0,5,1,0,1,1,0,0,0,0,3,0,0,1,0,1,2,0,0,3,0,3,0,0
0,10,7,10,29815,0,0,13,70,0,0,0,10,2,4,1,1,1,4,0,2,1,0,0,1,0,1,0,1,7,0,0,0,1,0,4,1,0,0,0
0,6,7,12,5472,146,2,46,131,0,1,0,12,1,8,2,2,2,2,0,1,1,1,0,2,0,2,0,2,2,7,0,0,2,0,4,2,0,0,0
8,-1,11,10,377,82,60,5,1251,1,15,1,82,1,3,0,3,1,1,0,5,1,0,0,0,0,3,0,0,8,6,1,3,0,0,3,3,1,0,0
17,-1,2,1,433,30,20,42,82,2,3,0,1,1,3,0,3,1,1,0,1,1,3,0,0,0,1,0,0,1,6,1,2,0,0,2,3,1,0,1
3,6,58,44,0,0,71,49,763,1,18,0,0,3,0,0,0,6,2,0,1,1,0,0,0,0,3,0,0,1,0,1,2,0,0,3,0,1,0,0
0,-1,0,0,0,0,0,1,1,0,0,0,0,1,0,0,0,1,2,0,4,2,1,0,0,0,2,0,0,9,0,0,0,0,1,1,0,0,0,0
0,1,10,2,832,38,2,5,5,0,1,0,2,1,1,0,0,1,1,0,1,1,0,0,0,0,1,0,0,7,0,0,0,0,0,1,0,0,0,0
1,13,12,7,537,159,1,4,149,1,1,0,83,0,1,0,0,1,1,0,1,1,0,0,0,0,5,0,0,3,0,0,0,0,0,3,0,0,0,0
0,1,4,5,25905,614,6,14,183,0,1,0,14,1,0,1,1,2,1,0,1,1,1,0,1,0,3,0,1,1,0,0,0,1,0,4,1,0,0,0
0,1,7,11,16593,405,1,16,257,0,1,0,16,3,8,2,2,1,1,0,0,1,1,0,2,0,1,0,2,3,7,0,0,2,0,4,2,0,0,0
0,0,11,9,16221,892,8,45,437,0,2,0,10,1,0,1,1,1,1,0,1,1,1,0,1,0,2,0,1,1,0,0,0,1,0,7,1,0,0,1
0,9,0,0,14332,262,24,0,220,0,5,0,0,1,18,0,0,3,2,0,2,1,0,0,0,0,2,0,0,1,0,0,0,0,1,2,0,0,0,1
30,327,41,2,4,0,153,6,11,2,13,0,0,0,0,0,0,1,6,0,4,1,0,0,0,0,7,0,0,1,0,0,1,0,1,1,0,10,0,1
8,1,5,11,0,0,66,22,387,2,5,0,0,2,17,1,1,1,1,2,1,1,0,1,1,1,1,0,1,1,0,0,0,1,0,1,1,0,0,1
0,1086,0,16,9326,0,0,0,241,0,0,0,17,6,0,0,0,1,4,0,3,1,0,0,0,0,1,0,0,7,0,0,0,0,0,1,0,0,0,0
0,19,1,1,1781,108,6,17,127,0,1,0,1,7,0,0,0,1,1,0,1,1,1,0,0,0,1,0,0,1,0,0,0,0,0,1,2,0,0,0
1,124,0,2,40,55,1,2,2,1,1,0,2,2,15,0,0,1,1,0,1,1,1,0,0,0,1,0,0,3,0,0,0,0,0,1,7,0,0,0
0,16,1,5,1746,19,8,8,18,0,2,0,5,1,18,0,0,1,2,0,1,1,0,0,0,0,3,0,0,1,0,0,0,0,0,4,0,0,0,0
30,-1,42,2,4,0,153,6,11,2,13,0,0,0,0,0,0,1,6,0,1,1,0,0,0,0,7,0,0,1,0,0,1,0,1,1,0,10,0,1
0,-1,0,0,1946,13,75,14,107,0,15,0,0,3,1,0,0,2,1,0,1,1,0,0,0,0,2,0,0,8,0,0,0,0,0,3,5,0,0,0
0,545,0,0,7408,58,7,14,9,0,1,0,0,3,7,0,0,2,1,0,1,1,0,0,0,3,3,0,0,1,9,0,1,0,0,1,0,2,0,0
0,18,0,0,72789,0,0,0,0,0,0,0,0,1,1,0,0,1,4,0,2,2,0,0,0,0,5,0,0,2,0,0,0,0,0,0,0,0,0,0
0,0,1,2,306,0,0,28,28,0,0,0,2,0,14,0,0,1,2,0,1,1,1,0,0,0,2,0,0,5,0,1,1,0,0,4,0,3,0,0
0,1,18,4,9156,305,1,35,65,0,1,0,20,1,4,3,2,1,1,0,2,1,0,0,3,0,2,0,3,3,4,0,0,3,0,1,2,0,0,0
0,85,1,30,4291,116,11,39,96,0,2,0,30,1,20,4,1,1,1,0,1,1,1,0,4,0,3,0,4,1,0,0,0,5,0,1,1,0,0,0
15,1,11,9,1383,18,38,17,145,0,4,0,15,2,0,0,0,1,2,0,1,1,0,0,0,0,2,0,0,1,0,0,0,0,0,6,0,0,0,0
0,-2,3,27,626,1321,0,15,102,0,0,0,27,0,0,0,0,1,1,0,8,1,0,0,0,0,1,0,0,1,0,0,3,0,0,1,0,5,0,1
0,1,0,3,22118,406,1,35,230,0,1,0,19,2,20,4,1,1,1,0,1,1,0,0,4,0,2,0,4,3,0,0,0,5,0,1,1,0,0,0
0,0,1,1,0,0,0,1,2,0,0,0,1,2,0,0,0,2,3,0,2,2,1,0,0,0,3,0,0,9,0,0,0,0,0,0,0,0,0,1
4,772,0,7,38,1,5,19,68,2,3,0,1,1,0,0,0,1,3,0,1,1,0,0,0,0,1,0,0,1,0,0,0,0,0,1,0,0,0,0
1,0,120,0,21,31,1,38,31,1,1,0,0,1,7,0,0,4,1,0,1,1,0,0,0,0,1,0,0,3,9,0,1,0,0,5,0,2,0,0
1,1,15,1,61,2,1,1,1,1,1,1,1,4,0,0,0,1,3,0,1,1,1,0,0,0,3,0,0,4,0,1,2,0,0,2,0,0,0,0
1,0,87,0,59,5,1,0,0,1,1,0,0,1,12,0,0,0,1,0,4,1,0,0,0,0,2,0,0,3,10,0,1,0,1,1,0,6,0,0
0,1,11,1,10408,0,0,1,197,0,0,0,1,1,3,0,0,3,4,0,2,1,0,0,0,0,2,0,0,1,5,1,3,0,0,1,0,1,0,0
35,295,41,41,67,45,40,47,823,1,4,0,42,4,0,0,0,1,1,0,3,1,0,0,0,0,2,0,0,8,0,1,2,0,0,3,6,3,0,0
0,16,9,17,2972,621,13,42,564,0,2,0,17,2,9,0,0,1,1,0,2,1,0,0,0,0,2,0,0,1,0,0,0,0,2,3,0,0,0,0
0,75,6,8,240,48,42,31,618,0,10,0,19,2,9,0,0,1,1,0,1,1,0,0,0,0,1,0,0,1,0,0,0,0,0,5,0,0,0,1
0,0,1,0,1782,203,3,2,15,0,2,0,0,1,0,0,0,1,1,0,1,1,2,0,0,0,7,0,0,2,0,2,1,0,1,1,0,9,0,0
0,1,2,0,132827,721,0,0,48,0,0,0,0,0,2,0,0,1,1,0,0,2,0,4,0,5,2,2,0,1,1,0,3,0,0,2,0,9,0,0
2,61,101,5,432,137,2,27,27,1,1,0,27,0,11,0,0,1,1,0,1,1,0,0,0,0,1,0,0,1,0,1,3,0,0,1,0,2,0,0
0,1,37,5,6253,0,0,12,69,0,0,0,5,0,1,0,0,0,3,0,1,1,0,0,0,0,7,0,0,7,0,0,0,0,0,1,0,0,0,1
0,0,5,13,24695,0,0,38,218,0,0,0,67,1,0,0,0,1,1,0,1,1,0,0,0,0,2,0,0,1,0,1,2,0,0,2,0,9,0,0
30,6,1,1,149,6,31,11,80,2,3,0,1,2,6,0,0,1,0,0,1,1,0,3,0,4,2,0,0,1,0,0,2,0,0,1,0,3,0,1
1,0,1,1,430,40,1,1,3,1,1,0,1,1,2,5,3,2,1,0,4,1,0,0,5,0,2,0,5,3,12,1,2,4,2,2,3,1,3,1
0,1,46,15,1481,54,4,46,66,0,2,0,15,3,0,0,0,1,3,0,1,1,4,0,0,0,2,0,0,1,0,0,1,0,2,2,4,0,1,0
0,0,43,20,15865,46,1,26,43,0,1,0,20,2,7,0,0,3,1,0,1,1,0,0,0,0,2,0,0,3,9,0,3,0,2,3,0,2,0,0
0,0,8,5,8,56,47,41,379,0,18,0,3,3,0,0,0,1,1,0,1,1,1,0,0,0,3,0,0,4,0,1,3,0,1,5,0,7,0,0
0,9,7,12,1643,18,1,12,21,0,1,0,12,4,2,0,0,1,0,0,1,1,0,0,0,0,1,3,0,4,1,1,3,0,0,1,4,1,0,1
0,-1,1,4,22282,202,1,4,5,0,1,0,4,1,0,0,0,1,1,0,1,1,1,0,0,0,1,0,0,3,0,0,0,0,0,4,0,0,0,0
0,16,45,18,1500,108,3,17,18,0,1,0,18,1,7,0,0,1,1,0,6,1,0,0,0,0,4,0,0,2,0,0,2,0,0,1,0,2,0,0
4,-1,0,0,7,0,4,0,0,1,1,0,0,2,0,0,0,1,0,0,2,1,0,0,0,0,1,0,0,1,0,1,2,0,0,1,3,1,0,1
29,18,4,15,1,4,29,37,15,1,1,0,4,0,8,2,2,1,1,0,1,1,0,0,2,0,1,0,2,1,0,0,0,2,1,8,2,0,0,0
7,686,40,58,73,61,7,36,101,1,1,0,61,1,6,0,0,2,4,0,1,1,0,0,0,0,1,0,0,2,3,1,1,0,0,1,0,3,0,0
0,105,2,2,0,0,0,8,10,0,0,0,2,1,1,0,0,1,1,0,3,2,1,0,0,0,1,0,0,9,0,0,0,0,0,4,0,0,0,0
0,324,4,1,5735,56,2,3,15,0,1,0,1,3,15,0,0,1,2,0,1,1,0,0,0,0,2,0,0,2,0,0,0,0,0,2,7,0,0,0
0,0,12,8,36326,0,0,28,257,0,0,0,21,0,8,2,2,0,1,0,1,1,1,0,2,0,2,0,2,5,7,0,0,2,1,4,2,0,0,0
14,10,2,8,1137,10,16,10,29,0,2,1,8,1,18,0,0,1,3,0,1,1,0,0,0,0,2,0,0,4,0,0,0,0,1,2,0,0,0,0
2,23,10,10,1431,12,3,11,11,0,1,2,10,9,1,0,0,6,3,0,1,1,1,0,0,0,1,0,0,8,0,0,0,0,2,2,0,0,0,0
0,6,54,2,44064,0,0,2,2,0,0,0,2,5,21,0,0,2,4,0,1,1,0,0,0,0,1,0,0,7,0,1,3,0,0,1,0,1,0,0
2,384,4,3,139,40,13,15,51,1,3,0,3,1,0,0,0,1,0,0,3,1,0,3,0,4,2,0,0,1,0,1,1,0,0,1,4,0,1,0
0,8,1,1,43,0,0,1,1,0,0,0,1,1,0,0,0,1,6,0,7,1,0,0,0,0,0,0,0,7,0,0,0,0,2,0,0,0,0,0
2,3,6,6,2,1,13,5,58,1,4,0,1,2,2,0,0,3,1,0,1,1,0,0,0,0,3,0,0,1,1,1,1,0,0,3,0,1,0,0
28,7,6,2,4,0,28,3,3,1,1,0,0,2,6,0,0,2,2,0,6,1,0,0,0,0,1,0,0,4,3,0,3,0,1,1,0,3,0,0
0,1,0,11,4338,137,23,12,544,0,5,0,20,1,0,0,4,1,3,0,4,1,0,0,0,0,3,0,0,1,0,0,0,0,0,1,5,0,0,0
0,71,29,4,9597,37,2,26,37,0,1,0,20,4,0,0,0,1,5,0,0,1,1,0,0,0,3,0,0,3,0,1,2,0,0,3,0,0,0,0
0,1,40,6,10104,0,0,5,0,0,0,0,6,1,3,0,3,1,1,0,1,1,0,0,0,0,4,0,0,1,6,1,2,0,0,1,3,1,4,0
8,1,62,14,479,52,8,43,52,1,1,0,37,1,2,0,0,1,1,0,6,1,0,0,0,0,2,2,0,3,1,1,1,0,0,2,4,1,1,0
0,48,13,12,2940,775,2,7,193,0,0,0,12,1,0,0,0,1,1,0,4,1,0,0,0,0,1,0,0,1,0,0,0,0,2,5,3,0,0,1
0,3,2,2,2337,135,2,49,104,0,1,0,2,2,9,0,0,1,1,0,1,1,0,0,0,0,2,0,0,2,0,0,0,0,0,1,0,0,0,0
0,597,8,7,7,289,1,21,515,0,1,0,0,1,9,0,0,1,1,0,2,1,0,0,0,0,1,0,0,1,0,0,0,0,0,8,0,0,0,1
4,213,5,3,2,0,9,25,46,1,6,0,0,1,0,0,0,1,3,0,1,1,0,0,0,0,3,0,0,1,0,1,2,0,2,6,1,1,0,0
0,16,55,10,9025,70,10,10,31,0,3,0,10,1,0,0,0,1,1,0,1,1,1,0,0,0,3,0,0,1,0,1,1,0,0,8,0,5,0,0
0,160,19,38,4286,47,3,19,48,0,1,2,41,3,7,0,0,1,2,0,2,1,0,0,0,0,2,0,0,8,9,0,1,0,0,1,4,2,1,0
1,2773,1,0,5,0,1,0,0,1,1,0,0,0,1,0,0,4,1,0,2,1,1,0,0,0,1,0,0,3,0,0,0,0,1,4,0,0,0,0
0,29,10,9,2046,88,2,17,21,0,1,0,10,1,5,1,1,1,3,0,2,1,0,0,1,0,4,1,1,3,2,0,0,1,0,1,1,0,0,0
0,2,0,27,5754,0,0,42,31,0,0,0,31,1,0,0,0,1,1,0,3,1,1,0,0,0,1,0,0,5,0,0,0,0,0,4,0,0,0,0
0,127,0,1,4309,439,1,10,93,0,1,0,1,1,0,4,1,1,2,0,1,1,0,0,4,0,1,0,4,3,0,0,0,5,0,1,1,0,0,0
0,0,1,4,503,698,4,4,152,0,1,0,6,0,3,0,0,4,0,0,1,1,0,0,0,0,2,0,0,1,0,1,3,0,0,2,3,1,0,1
0,61,7,27,3602,0,0,41,130,0,0,0,30,2,0,0,0,1,2,0,1,1,1,0,0,0,1,0,0,5,0,0,0,0,2,4,0,0,0,0
0,-1,1,0,3162,78,3,7,63,0,1,0,0,0,0,0,0,1,2,0,1,1,1,0,0,0,1,0,0,4,0,1,2,0,0,0,0,1,0,0
4,10,16,8,309,31,21,12,73,2,5,0,13,1,0,0,0,1,4,0,3,1,0,0,0,0,1,0,0,1,0,0,1,0,0,5,4,1,1,0
0,0,11,0,1609,68,0,0,108,0,0,0,0,3,0,0,0,1,3,0,1,1,0,0,0,0,0,0,0,1,0,1,3,0,2,2,0,0,0,0
5,2,26,13,1,2,6,13,13,1,2,0,2,2,12,0,0,1,0,0,1,1,1,0,0,0,3,0,0,1,10,0,3,0,0,1,0,6,0,0
0,0,1,0,2954,22,5,4,64,0,2,0,0,1,0,0,0,1,1,0,1,1,0,0,0,0,0,0,0,1,0,0,0,0,0,6,0,0,0,0
2,23,0,17,361,57,2,7,58,1,1,0,46,5,10,0,0,1,6,0,1,1,0,0,0,3,1,0,0,2,0,1,1,0,0,2,0,1,0,0
3,910,0,0,563,16,3,7,7,1,1,0,0,1,1,0,0,1,1,0,3,1,0,0,0,0,1,0,0,1,0,0,0,0,0,5,0,0,0,0
0,1,3,3,43231,0,0,7,14,0,0,0,4,1,1,0,0,1,3,0,1,2,0,0,0,0,1,0,0,4,0,0,0,0,0,2,0,0,0,0
0,403,13,0,4554,0,0,6,38,0,0,0,3,1,0,0,0,1,1,0,1,1,4,0,0,0,2,0,0,7,0,1,3,0,0,1,0,1,0,0
1,-1,63,24,214,33,1,28,38,1,1,1,32,1,14,0,0,0,2,0,1,1,0,0,0,0,1,0,0,6,0,1,2,0,0,1,0,3,0,0
0,1,4,4,2933,0,0,41,56,0,0,0,4,5,0,0,0,1,1,0,2,1,0,0,0,0,1,0,0,7,0,0,0,0,2,1,0,0,0,0
3,265,34,17,46,17,3,16,17,1,1,0,17,1,0,0,0,4,3,0,1,1,0,0,0,0,1,0,0,2,0,0,3,0,1,0,0,9,0,1
0,-1,5,3,7205,24,1,4,18,0,1,0,3,2,16,0,0,6,1,0,4,1,0,0,0,0,3,0,0,8,13,0,3,0,0,2,4,0,1,0
0,3,0,36,1823,133,79,6,2299,0,13,0,36,1,0,0,0,1,2,0,2,1,0,0,0,0,2,0,0,1,0,1,1,0,0,3,0,5,0,0
0,86,29,0,17949,113,3,1,11,0,1,0,0,1,2,5,3,1,5,0,5,1,0,0,5,0,4,0,5,2,12,3,2,4,0,1,3,1,3,0
0,800,0,3,9066,97,2,5,84,0,1,0,5,1,0,0,0,1,0,0,2,1,0,0,0,0,3,0,0,2,0,0,0,0,0,1,0,0,0,0
0,3024,7,0,38370,437,3,4,95,0,0,0,4,3,4,3,2,1,0,0,1,1,0,0,3,0,1,4,3,1,4,0,0,3,0,1,2,0,0,0
0,1,45,24,11551,137,39,34,133,0,2,0,29,2,13,0,0,1,2,1,1,1,0,1,0,1,1,0,0,6,11,0,3,0,0,1,0,2,0,0
4,5,2,2,299,47,4,48,47,1,1,0,2,3,0,0,0,1,1,0,1,1,2,0,0,0,2,0,0,1,0,1,2,0,2,2,6,2,0,0
0,4,1,1,69428,0,0,9,2,0,0,0,1,0,10,0,0,4,1,0,1,2,0,0,0,0,3,0,0,3,0,1,2,0,0,2,0,2,0,0
3,5,1,7,943,29,4,17,108,1,2,0,10,1,0,5,3,3,1,0,0,1,1,0,5,0,2,0,5,3,0,1,2,4,0,1,3,1,0,0
0,28,4,15,4714,1019,1,18,211,0,1,0,19,2,9,0,0,1,2,0,1,1,0,0,0,0,1,0,0,4,0,0,0,0,0,1,0,0,0,0
6,26,0,79,44,63,10,32,340,1,2,0,63,1,20,4,1,1,1,0,2,1,0,0,4,0,2,0,4,1,0,0,0,5,0,1,1,0,0,1
0,6,2,0,3597,93,2,7,22,0,1,0,0,1,7,0,0,2,1,0,1,1,0,0,0,2,5,0,0,4,9,0,1,0,0,1,0,0,0,1
29,798,3,11,194,40,29,12,13,1,1,0,13,2,0,0,0,1,1,0,1,1,0,0,0,3,1,0,0,1,0,0,3,0,0,1,0,1,0,1
0,2,69,13,16407,54,1,13,53,0,1,0,13,6,0,0,0,4,1,0,8,1,0,0,0,0,3,0,0,3,0,1,2,0,0,1,0,4,0,0
0,70,3,5,4626,103,8,9,116,0,1,0,5,9,0,0,0,4,3,0,3,1,0,0,0,0,1,0,0,1,0,0,0,0,0,1,5,0,0,0
0,16,1,1,45750,477,0,14,72,0,0,0,1,1,0,0,0,1,1,0,2,2,0,0,0,0,1,0,0,1,0,0,0,0,0,1,2,0,0,0
0,1,1,0,3277,0,0,19,2,0,0,2,0,5,4,3,2,2,2,0,1,1,0,0,3,0,1,4,3,8,4,0,0,3,0,2,2,0,0,0
0,30,3,18,11776,0,0,24,129,0,0,0,18,1,9,0,0,1,1,0,1,1,0,0,0,0,1,0,0,7,0,0,0,0,0,1,0,0,0,0
1,52,1,7,169,12,27,15,360,1,11,0,7,2,6,0,0,1,5,0,1,1,0,0,0,0,2,0,0,1,0,0,2,0,0,1,0,3,0,0
0,137,0,0,126,0,0,0,0,0,0,0,0,1,1,0,0,1,2,0,1,1,0,0,0,0,1,0,0,8,0,0,0,0,0,1,0,0,0,0
0,3401,0,0,39594,401,1,0,21,0,0,0,0,5,0,0,0,1,5,0,1,1,0,0,0,0,1,0,0,2,0,0,0,0,0,1,0,0,0,0
0,58,4,0,26360,302,2,2,124,0,1,0,6,8,8,2,2,1,1,0,1,2,1,0,2,0,2,0,2,3,7,0,0,2,2,2,2,0,0,0
0,0,0,1,4448,1833,5,48,148,0,1,0,1,3,4,6,2,1,1,0,1,1,1,0,6,0,3,0,6,1,8,0,0,6,0,3,2,0,0,0
0,31,1,2,1696,0,0,23,47,0,0,0,2,3,5,1,1,1,3,0,5,1,1,0,1,0,4,1,1,5,2,0,0,1,0,6,1,0,0,0
0,158,1,1,34902,0,0,1,102,0,0,0,1,6,0,0,0,0,1,0,1,1,1,0,0,0,1,0,0,5,0,0,0,0,0,4,0,0,0,0
0,61,10,16,3748,25,5,8,25,0,1,0,16,2,21,0,0,1,0,0,1,1,1,0,0,0,1,0,0,1,0,1,1,0,0,1,0,4,0,0
0,-1,0,0,9980,193,2,0,20,0,2,0,0,2,1,0,0,1,1,0,5,1,0,0,0,0,2,0,0,2,0,0,0,0,0,1,0,0,0,0
0,0,1,0,18627,449,9,0,359,0,4,0,0,5,0,0,0,1,1,0,2,1,0,0,0,0,2,0,0,1,0,0,0,0,1,2,0,0,0,0
0,1,3,4,263,0,0,40,817,0,0,0,4,0,8,2,2,1,1,0,3,1,0,0,2,0,3,0,2,2,7,0,0,2,1,3,2,0,0,0
0,133,0,0,2960,402,1,39,387,0,1,0,56,1,0,2,2,1,1,0,4,1,0,0,2,0,1,0,2,1,0,0,0,2,0,2,2,0,0,0
0,10,11,9,10062,1053,6,26,900,0,2,0,9,2,0,0,0,2,1,0,2,1,0,0,0,0,1,0,0,6,0,0,0,0,0,1,3,0,0,0
0,4,8,8,33180,0,0,8,226,0,0,0,8,1,0,0,0,1,3,0,0,1,1,0,0,0,1,0,0,5,0,0,0,0,0,4,0,0,0,0
0,0,0,0,4216,0,11,0,0,0,5,0,0,1,2,0,0,1,0,0,1,1,0,0,0,0,2,2,0,1,1,0,3,0,0,1,0,1,0,1
24,597,0,5,56,6,24,5,6,1,1,0,6,1,0,0,5,3,1,0,1,1,1,0,0,0,2,0,0,1,0,0,3,0,0,2,6,4,2,1
